0.0 0.0 tanh 1 0.038600001484155655
0.0 0.0 relu 1 0.10429999977350235
0.0 0.1111111111111111 tanh 1 0.8604999780654907
0.0 0.0 relu 2 0.07509999722242355
0.0 0.0 tanh 2 0.10679999738931656
0.0 0.1111111111111111 tanh 2 0.8600999712944031
0.0 0.1111111111111111 relu 1 0.8665000200271606
0.0 0.0 tanh 3 0.10859999805688858
0.0 0.0 relu 3 0.10819999873638153
0.0 0.1111111111111111 tanh 3 0.8522999882698059
0.0 0.1111111111111111 relu 2 0.8578000068664551
0.0 0.2222222222222222 tanh 1 0.8680999875068665
0.0 0.2222222222222222 relu 1 0.8716999888420105
0.0 0.2222222222222222 tanh 2 0.8618000149726868
0.0 0.1111111111111111 relu 3 0.8628000020980835
0.0 0.2222222222222222 tanh 3 0.870199978351593
0.0 0.3333333333333333 tanh 1 0.8626999855041504
0.0 0.2222222222222222 relu 2 0.8634999990463257
0.0 0.2222222222222222 relu 3 0.8551999926567078
0.0 0.3333333333333333 tanh 2 0.8765000104904175
0.0 0.3333333333333333 relu 1 0.8669000267982483
0.0 0.3333333333333333 relu 2 0.8736000061035156
0.0 0.4444444444444444 tanh 1 0.8485000133514404
0.0 0.3333333333333333 tanh 3 0.8718000054359436
0.0 0.3333333333333333 relu 3 0.8636000156402588
0.0 0.4444444444444444 tanh 2 0.8616999983787537
0.0 0.4444444444444444 relu 1 0.8443999886512756
0.0 0.4444444444444444 tanh 3 0.8619999885559082
0.0 0.4444444444444444 relu 2 0.8633999824523926
0.0 0.4444444444444444 relu 3 0.8492000102996826
0.0 0.5555555555555556 tanh 1 0.8637999892234802
0.0 0.5555555555555556 relu 1 0.8337000012397766
0.0 0.5555555555555556 tanh 2 0.8661999702453613
0.0 0.6666666666666666 tanh 1 0.8205999732017517
0.0 0.5555555555555556 tanh 3 0.8669000267982483
0.0 0.5555555555555556 relu 2 0.8434000015258789
0.0 0.5555555555555556 relu 3 0.849399983882904
0.0 0.6666666666666666 tanh 2 0.8585000038146973
0.0 0.6666666666666666 tanh 3 0.8708999752998352
0.0 0.6666666666666666 relu 1 0.7853000164031982
0.0 0.6666666666666666 relu 2 0.5214999914169312
0.0 0.7777777777777777 tanh 1 0.8504999876022339
0.0 0.6666666666666666 relu 3 0.10000000149011612
0.0 0.7777777777777777 tanh 2 0.8539000153541565
0.0 0.7777777777777777 tanh 3 0.849399983882904
0.0 0.7777777777777777 relu 1 0.20029999315738678
0.0 0.7777777777777777 relu 2 0.20000000298023224
0.0 0.7777777777777777 relu 3 0.2913999855518341
0.0 0.8888888888888888 tanh 1 0.7832000255584717
0.0 0.8888888888888888 tanh 2 0.8324000239372253
0.0 0.8888888888888888 relu 2 0.19869999587535858
0.0 0.8888888888888888 relu 1 0.18119999766349792
0.0 1.0 tanh 1 0.8434000015258789
0.0 0.8888888888888888 tanh 3 0.8485000133514404
0.0 0.8888888888888888 relu 3 0.4514000117778778
0.0 1.0 tanh 2 0.819100022315979
0.0 1.0 relu 1 0.10010000318288803
0.0 1.0 tanh 3 0.580299973487854
0.0 1.0 relu 2 0.10000000149011612
0.0 1.0 relu 3 0.10000000149011612
0.1111111111111111 0.0 tanh 1 0.15389999747276306
0.1111111111111111 0.0 tanh 2 0.06159999966621399
0.1111111111111111 0.0 relu 1 0.08410000056028366
0.1111111111111111 0.0 tanh 3 0.09189999848604202
0.1111111111111111 0.0 relu 2 0.09549999982118607
0.1111111111111111 0.0 relu 3 0.09399999678134918
0.1111111111111111 0.1111111111111111 tanh 1 0.866599977016449
0.1111111111111111 0.1111111111111111 tanh 2 0.8726999759674072
0.1111111111111111 0.1111111111111111 tanh 3 0.871999979019165
0.1111111111111111 0.1111111111111111 relu 1 0.8694000244140625
0.1111111111111111 0.1111111111111111 relu 2 0.8733000159263611
0.1111111111111111 0.2222222222222222 tanh 1 0.8662999868392944
0.1111111111111111 0.1111111111111111 relu 3 0.8669000267982483
0.1111111111111111 0.2222222222222222 relu 1 0.8658000230789185
0.1111111111111111 0.2222222222222222 tanh 2 0.8514000177383423
0.1111111111111111 0.2222222222222222 tanh 3 0.8716999888420105
0.1111111111111111 0.2222222222222222 relu 2 0.8593000173568726
0.1111111111111111 0.3333333333333333 tanh 1 0.8701000213623047
0.1111111111111111 0.2222222222222222 relu 3 0.8647000193595886
0.1111111111111111 0.3333333333333333 relu 1 0.8622999787330627
0.1111111111111111 0.3333333333333333 tanh 2 0.8701000213623047
0.1111111111111111 0.3333333333333333 tanh 3 0.866599977016449
0.1111111111111111 0.3333333333333333 relu 2 0.8736000061035156
0.1111111111111111 0.4444444444444444 tanh 1 0.8655999898910522
0.1111111111111111 0.3333333333333333 relu 3 0.848800003528595
0.1111111111111111 0.4444444444444444 tanh 2 0.8605999946594238
0.1111111111111111 0.4444444444444444 tanh 3 0.8738999962806702
0.1111111111111111 0.4444444444444444 relu 1 0.8288999795913696
0.1111111111111111 0.4444444444444444 relu 2 0.8162999749183655
0.1111111111111111 0.5555555555555556 tanh 1 0.8611999750137329
0.1111111111111111 0.5555555555555556 tanh 2 0.8682000041007996
0.1111111111111111 0.5555555555555556 relu 1 0.847000002861023
0.1111111111111111 0.4444444444444444 relu 3 0.8521999716758728
0.1111111111111111 0.5555555555555556 tanh 3 0.8618999719619751
0.1111111111111111 0.5555555555555556 relu 2 0.840499997138977
0.1111111111111111 0.6666666666666666 tanh 1 0.8633999824523926
0.1111111111111111 0.5555555555555556 relu 3 0.8432999849319458
0.1111111111111111 0.6666666666666666 tanh 2 0.8611999750137329
0.1111111111111111 0.6666666666666666 tanh 3 0.835099995136261
0.1111111111111111 0.6666666666666666 relu 1 0.44600000977516174
0.1111111111111111 0.6666666666666666 relu 2 0.38589999079704285
0.1111111111111111 0.7777777777777777 tanh 1 0.847000002861023
0.1111111111111111 0.6666666666666666 relu 3 0.10000000149011612
0.1111111111111111 0.7777777777777777 tanh 2 0.8539000153541565
0.1111111111111111 0.7777777777777777 tanh 3 0.8391000032424927
0.1111111111111111 0.7777777777777777 relu 1 0.09989999979734421
0.1111111111111111 0.7777777777777777 relu 2 0.1995999962091446
0.1111111111111111 0.7777777777777777 relu 3 0.10000000149011612
0.1111111111111111 0.8888888888888888 tanh 1 0.8549000024795532
0.1111111111111111 0.8888888888888888 relu 1 0.10000000149011612
0.1111111111111111 0.8888888888888888 tanh 2 0.8485000133514404
0.1111111111111111 0.8888888888888888 tanh 3 0.8384000062942505
0.1111111111111111 0.8888888888888888 relu 2 0.10000000149011612
0.1111111111111111 1.0 tanh 1 0.8342000246047974
0.1111111111111111 0.8888888888888888 relu 3 0.19979999959468842
0.1111111111111111 1.0 tanh 2 0.8406999707221985
0.1111111111111111 1.0 tanh 3 0.689300000667572
0.1111111111111111 1.0 relu 1 0.10000000149011612
0.1111111111111111 1.0 relu 2 0.10000000149011612
0.1111111111111111 1.0 relu 3 0.10000000149011612
0.2222222222222222 0.0 tanh 1 0.09149999916553497
0.2222222222222222 0.0 tanh 2 0.059700001031160355
0.2222222222222222 0.0 tanh 3 0.08969999849796295
0.2222222222222222 0.0 relu 1 0.07850000262260437
0.2222222222222222 0.0 relu 2 0.1143999993801117
0.2222222222222222 0.0 relu 3 0.12950000166893005
0.2222222222222222 0.1111111111111111 tanh 1 0.8657000064849854
0.2222222222222222 0.1111111111111111 tanh 2 0.8762000203132629
0.2222222222222222 0.1111111111111111 relu 1 0.8632000088691711
0.2222222222222222 0.1111111111111111 relu 2 0.8676000237464905
0.2222222222222222 0.1111111111111111 tanh 3 0.8629000186920166
0.2222222222222222 0.2222222222222222 tanh 1 0.8719000220298767
0.2222222222222222 0.1111111111111111 relu 3 0.8729000091552734
0.2222222222222222 0.2222222222222222 tanh 2 0.8715999722480774
0.2222222222222222 0.2222222222222222 relu 1 0.854200005531311
0.2222222222222222 0.2222222222222222 tanh 3 0.8776000142097473
0.2222222222222222 0.2222222222222222 relu 2 0.8701000213623047
0.2222222222222222 0.2222222222222222 relu 3 0.8755999803543091
0.2222222222222222 0.3333333333333333 tanh 1 0.8719000220298767
0.2222222222222222 0.3333333333333333 tanh 2 0.8708999752998352
0.2222222222222222 0.3333333333333333 tanh 3 0.8468999862670898
0.2222222222222222 0.3333333333333333 relu 1 0.8619999885559082
0.2222222222222222 0.3333333333333333 relu 2 0.8736000061035156
0.2222222222222222 0.4444444444444444 tanh 1 0.8694000244140625
0.2222222222222222 0.3333333333333333 relu 3 0.8723999857902527
0.2222222222222222 0.4444444444444444 tanh 2 0.8718000054359436
0.2222222222222222 0.4444444444444444 tanh 3 0.8726000189781189
0.2222222222222222 0.4444444444444444 relu 1 0.8585000038146973
0.2222222222222222 0.4444444444444444 relu 2 0.8525000214576721
0.2222222222222222 0.5555555555555556 tanh 1 0.8636999726295471
0.2222222222222222 0.4444444444444444 relu 3 0.8234999775886536
0.2222222222222222 0.5555555555555556 tanh 2 0.8644000291824341
0.2222222222222222 0.5555555555555556 tanh 3 0.8644999861717224
0.2222222222222222 0.5555555555555556 relu 1 0.8425999879837036
0.2222222222222222 0.5555555555555556 relu 2 0.8446000218391418
0.2222222222222222 0.6666666666666666 tanh 1 0.8274000287055969
0.2222222222222222 0.5555555555555556 relu 3 0.82669997215271
0.2222222222222222 0.6666666666666666 tanh 2 0.854200005531311
0.2222222222222222 0.6666666666666666 tanh 3 0.8623999953269958
0.2222222222222222 0.6666666666666666 relu 1 0.8327000141143799
0.2222222222222222 0.6666666666666666 relu 2 0.20000000298023224
0.2222222222222222 0.6666666666666666 relu 3 0.10000000149011612
0.2222222222222222 0.7777777777777777 tanh 1 0.8373000025749207
0.2222222222222222 0.7777777777777777 tanh 2 0.8596000075340271
0.2222222222222222 0.7777777777777777 tanh 3 0.8015000224113464
0.2222222222222222 0.7777777777777777 relu 1 0.25380000472068787
0.2222222222222222 0.7777777777777777 relu 2 0.19939999282360077
0.2222222222222222 0.7777777777777777 relu 3 0.10029999911785126
0.2222222222222222 0.8888888888888888 tanh 1 0.8554999828338623
0.2222222222222222 0.8888888888888888 relu 1 0.09989999979734421
0.2222222222222222 0.8888888888888888 tanh 2 0.8460000157356262
0.2222222222222222 0.8888888888888888 tanh 3 0.10000000149011612
0.2222222222222222 0.8888888888888888 relu 3 0.1987999975681305
0.2222222222222222 0.8888888888888888 relu 2 0.10010000318288803
0.2222222222222222 1.0 tanh 1 0.8230000138282776
0.2222222222222222 1.0 tanh 2 0.6032000184059143
0.2222222222222222 1.0 tanh 3 0.10000000149011612
0.2222222222222222 1.0 relu 1 0.10000000149011612
0.2222222222222222 1.0 relu 2 0.19869999587535858
0.3333333333333333 0.0 tanh 1 0.09809999912977219
0.3333333333333333 0.0 tanh 2 0.04520000144839287
0.2222222222222222 1.0 relu 3 0.10000000149011612
0.3333333333333333 0.0 relu 1 0.05000000074505806
0.3333333333333333 0.0 tanh 3 0.05640000104904175
0.3333333333333333 0.0 relu 2 0.11710000038146973
0.3333333333333333 0.0 relu 3 0.1039000004529953
0.3333333333333333 0.1111111111111111 tanh 1 0.8715000152587891
0.3333333333333333 0.1111111111111111 tanh 2 0.873199999332428
0.3333333333333333 0.1111111111111111 relu 1 0.8659999966621399
0.3333333333333333 0.1111111111111111 tanh 3 0.871399998664856
0.3333333333333333 0.1111111111111111 relu 3 0.8722000122070312
0.3333333333333333 0.1111111111111111 relu 2 0.8751000165939331
0.3333333333333333 0.2222222222222222 tanh 1 0.8712999820709229
0.3333333333333333 0.2222222222222222 tanh 2 0.8689000010490417
0.3333333333333333 0.2222222222222222 tanh 3 0.8744999766349792
0.3333333333333333 0.2222222222222222 relu 1 0.8623999953269958
0.3333333333333333 0.2222222222222222 relu 2 0.8733000159263611
0.3333333333333333 0.2222222222222222 relu 3 0.8622000217437744
0.3333333333333333 0.3333333333333333 tanh 1 0.8712999820709229
0.3333333333333333 0.3333333333333333 tanh 2 0.8671000003814697
0.3333333333333333 0.3333333333333333 relu 1 0.8632000088691711
0.3333333333333333 0.3333333333333333 tanh 3 0.871399998664856
0.3333333333333333 0.3333333333333333 relu 2 0.8598999977111816
0.3333333333333333 0.3333333333333333 relu 3 0.8547999858856201
0.3333333333333333 0.4444444444444444 tanh 1 0.8733999729156494
0.3333333333333333 0.4444444444444444 tanh 2 0.8698999881744385
0.3333333333333333 0.4444444444444444 relu 1 0.8501999974250793
0.3333333333333333 0.4444444444444444 tanh 3 0.8709999918937683
0.3333333333333333 0.4444444444444444 relu 2 0.8307999968528748
0.3333333333333333 0.5555555555555556 tanh 1 0.8641999959945679
0.3333333333333333 0.4444444444444444 relu 3 0.848800003528595
0.3333333333333333 0.5555555555555556 tanh 2 0.8349999785423279
0.3333333333333333 0.5555555555555556 tanh 3 0.8690000176429749
0.3333333333333333 0.5555555555555556 relu 1 0.807699978351593
0.3333333333333333 0.5555555555555556 relu 2 0.2004999965429306
0.3333333333333333 0.5555555555555556 relu 3 0.10000000149011612
0.3333333333333333 0.6666666666666666 tanh 1 0.8565999865531921
0.3333333333333333 0.6666666666666666 tanh 2 0.8561000227928162
0.3333333333333333 0.6666666666666666 tanh 3 0.8209999799728394
0.3333333333333333 0.6666666666666666 relu 1 0.19589999318122864
0.3333333333333333 0.6666666666666666 relu 2 0.10000000149011612
0.3333333333333333 0.6666666666666666 relu 3 0.10000000149011612
0.3333333333333333 0.7777777777777777 tanh 1 0.8339999914169312
0.3333333333333333 0.7777777777777777 tanh 2 0.830299973487854
0.3333333333333333 0.7777777777777777 tanh 3 0.10000000149011612
0.3333333333333333 0.7777777777777777 relu 1 0.10000000149011612
0.3333333333333333 0.7777777777777777 relu 2 0.10000000149011612
0.3333333333333333 0.7777777777777777 relu 3 0.10000000149011612
0.3333333333333333 0.8888888888888888 tanh 1 0.832099974155426
0.3333333333333333 0.8888888888888888 tanh 2 0.2676999866962433
0.3333333333333333 0.8888888888888888 tanh 3 0.10000000149011612
0.3333333333333333 0.8888888888888888 relu 1 0.10000000149011612
0.3333333333333333 0.8888888888888888 relu 2 0.19760000705718994
0.3333333333333333 0.8888888888888888 relu 3 0.10000000149011612
0.3333333333333333 1.0 tanh 1 0.8288000226020813
0.3333333333333333 1.0 tanh 2 0.1964000016450882
0.3333333333333333 1.0 tanh 3 0.10000000149011612
0.3333333333333333 1.0 relu 1 0.10000000149011612
0.4444444444444444 0.0 tanh 1 0.13840000331401825
0.3333333333333333 1.0 relu 2 0.10000000149011612
0.3333333333333333 1.0 relu 3 0.10000000149011612
0.4444444444444444 0.0 tanh 2 0.12880000472068787
0.4444444444444444 0.0 tanh 3 0.121799997985363
0.4444444444444444 0.0 relu 1 0.05640000104904175
0.4444444444444444 0.0 relu 2 0.14720000326633453
0.4444444444444444 0.0 relu 3 0.0989999994635582
0.4444444444444444 0.1111111111111111 tanh 1 0.8691999912261963
0.4444444444444444 0.1111111111111111 tanh 2 0.8700000047683716
0.4444444444444444 0.1111111111111111 relu 1 0.8751999735832214
0.4444444444444444 0.1111111111111111 tanh 3 0.8668000102043152
0.4444444444444444 0.1111111111111111 relu 2 0.8751999735832214
0.4444444444444444 0.1111111111111111 relu 3 0.8522999882698059
0.4444444444444444 0.2222222222222222 tanh 2 0.8758999705314636
0.4444444444444444 0.2222222222222222 tanh 1 0.8792999982833862
0.4444444444444444 0.2222222222222222 tanh 3 0.8744000196456909
0.4444444444444444 0.2222222222222222 relu 1 0.8641999959945679
0.4444444444444444 0.2222222222222222 relu 2 0.8529000282287598
0.4444444444444444 0.3333333333333333 tanh 1 0.8651999831199646
0.4444444444444444 0.2222222222222222 relu 3 0.8518999814987183
0.4444444444444444 0.3333333333333333 tanh 2 0.8705999851226807
0.4444444444444444 0.3333333333333333 tanh 3 0.8673999905586243
0.4444444444444444 0.3333333333333333 relu 1 0.8687999844551086
0.4444444444444444 0.3333333333333333 relu 2 0.8693000078201294
0.4444444444444444 0.3333333333333333 relu 3 0.8572999835014343
0.4444444444444444 0.4444444444444444 tanh 1 0.8519999980926514
0.4444444444444444 0.4444444444444444 tanh 2 0.8675000071525574
0.4444444444444444 0.4444444444444444 tanh 3 0.8680999875068665
0.4444444444444444 0.4444444444444444 relu 1 0.819599986076355
0.4444444444444444 0.4444444444444444 relu 2 0.8572999835014343
0.4444444444444444 0.4444444444444444 relu 3 0.8270000219345093
0.4444444444444444 0.5555555555555556 tanh 1 0.8371000289916992
0.4444444444444444 0.5555555555555556 tanh 2 0.8580999970436096
0.4444444444444444 0.5555555555555556 relu 1 0.8102999925613403
0.4444444444444444 0.5555555555555556 tanh 3 0.7964000105857849
0.4444444444444444 0.5555555555555556 relu 2 0.1964000016450882
0.4444444444444444 0.5555555555555556 relu 3 0.10000000149011612
0.4444444444444444 0.6666666666666666 tanh 1 0.8479999899864197
0.4444444444444444 0.6666666666666666 tanh 2 0.8348000049591064
0.4444444444444444 0.6666666666666666 relu 1 0.8155999779701233
0.4444444444444444 0.6666666666666666 tanh 3 0.8349999785423279
0.4444444444444444 0.6666666666666666 relu 2 0.1988999992609024
0.4444444444444444 0.6666666666666666 relu 3 0.19130000472068787
0.4444444444444444 0.7777777777777777 tanh 1 0.8479999899864197
0.4444444444444444 0.7777777777777777 tanh 2 0.8126999735832214
0.4444444444444444 0.7777777777777777 relu 1 0.1907999962568283
0.4444444444444444 0.7777777777777777 tanh 3 0.20200000703334808
0.4444444444444444 0.7777777777777777 relu 2 0.10000000149011612
0.4444444444444444 0.8888888888888888 tanh 1 0.82669997215271
0.4444444444444444 0.7777777777777777 relu 3 0.10000000149011612
0.4444444444444444 0.8888888888888888 tanh 2 0.31150001287460327
0.4444444444444444 0.8888888888888888 tanh 3 0.10000000149011612
0.4444444444444444 0.8888888888888888 relu 1 0.10000000149011612
0.4444444444444444 0.8888888888888888 relu 2 0.19990000128746033
0.4444444444444444 0.8888888888888888 relu 3 0.10000000149011612
0.4444444444444444 1.0 tanh 1 0.7982000112533569
0.4444444444444444 1.0 tanh 2 0.10000000149011612
0.4444444444444444 1.0 tanh 3 0.10000000149011612
0.4444444444444444 1.0 relu 1 0.10000000149011612
0.4444444444444444 1.0 relu 2 0.10000000149011612
0.4444444444444444 1.0 relu 3 0.10000000149011612
0.5555555555555556 0.0 tanh 1 0.09719999879598618
0.5555555555555556 0.0 tanh 2 0.05339999869465828
0.5555555555555556 0.0 tanh 3 0.18330000340938568
0.5555555555555556 0.0 relu 1 0.049800001084804535
0.5555555555555556 0.0 relu 2 0.10220000147819519
0.5555555555555556 0.0 relu 3 0.10899999737739563
0.5555555555555556 0.1111111111111111 tanh 1 0.8693000078201294
0.5555555555555556 0.1111111111111111 tanh 2 0.879800021648407
0.5555555555555556 0.1111111111111111 relu 1 0.8730999827384949
0.5555555555555556 0.1111111111111111 tanh 3 0.8709999918937683
0.5555555555555556 0.1111111111111111 relu 2 0.8791999816894531
0.5555555555555556 0.1111111111111111 relu 3 0.8791000247001648
0.5555555555555556 0.2222222222222222 tanh 1 0.8722000122070312
0.5555555555555556 0.2222222222222222 tanh 2 0.8712000250816345
0.5555555555555556 0.2222222222222222 tanh 3 0.8744999766349792
0.5555555555555556 0.2222222222222222 relu 1 0.8736000061035156
0.5555555555555556 0.2222222222222222 relu 2 0.8715999722480774
0.5555555555555556 0.2222222222222222 relu 3 0.8709999918937683
0.5555555555555556 0.3333333333333333 tanh 1 0.8478999733924866
0.5555555555555556 0.3333333333333333 tanh 2 0.8720999956130981
0.5555555555555556 0.3333333333333333 relu 1 0.8342000246047974
0.5555555555555556 0.3333333333333333 tanh 3 0.8551999926567078
0.5555555555555556 0.3333333333333333 relu 2 0.8539999723434448
0.5555555555555556 0.3333333333333333 relu 3 0.8299000263214111
0.5555555555555556 0.4444444444444444 tanh 1 0.8634999990463257
0.5555555555555556 0.4444444444444444 tanh 2 0.8700000047683716
0.5555555555555556 0.4444444444444444 tanh 3 0.8641999959945679
0.5555555555555556 0.4444444444444444 relu 1 0.854200005531311
0.5555555555555556 0.4444444444444444 relu 2 0.829200029373169
0.5555555555555556 0.4444444444444444 relu 3 0.852400004863739
0.5555555555555556 0.5555555555555556 tanh 1 0.8565999865531921
0.5555555555555556 0.5555555555555556 tanh 2 0.8445000052452087
0.5555555555555556 0.5555555555555556 relu 1 0.18170000612735748
0.5555555555555556 0.5555555555555556 tanh 3 0.8450000286102295
0.5555555555555556 0.5555555555555556 relu 2 0.10000000149011612
0.5555555555555556 0.5555555555555556 relu 3 0.20100000500679016
0.5555555555555556 0.6666666666666666 tanh 1 0.8260999917984009
0.5555555555555556 0.6666666666666666 tanh 2 0.8185999989509583
0.5555555555555556 0.6666666666666666 relu 1 0.10019999742507935
0.5555555555555556 0.6666666666666666 tanh 3 0.7530999779701233
0.5555555555555556 0.6666666666666666 relu 2 0.10000000149011612
0.5555555555555556 0.6666666666666666 relu 3 0.20010000467300415
0.5555555555555556 0.7777777777777777 tanh 1 0.8030999898910522
0.5555555555555556 0.7777777777777777 tanh 2 0.19210000336170197
0.5555555555555556 0.7777777777777777 tanh 3 0.10000000149011612
0.5555555555555556 0.7777777777777777 relu 1 0.18299999833106995
0.5555555555555556 0.7777777777777777 relu 2 0.10000000149011612
0.5555555555555556 0.7777777777777777 relu 3 0.10000000149011612
0.5555555555555556 0.8888888888888888 tanh 1 0.7799000144004822
0.5555555555555556 0.8888888888888888 tanh 2 0.10000000149011612
0.5555555555555556 0.8888888888888888 tanh 3 0.10000000149011612
0.5555555555555556 0.8888888888888888 relu 1 0.10000000149011612
0.5555555555555556 0.8888888888888888 relu 2 0.10000000149011612
0.5555555555555556 1.0 tanh 1 0.7861999869346619
0.5555555555555556 0.8888888888888888 relu 3 0.10000000149011612
0.5555555555555556 1.0 tanh 2 0.10000000149011612
0.5555555555555556 1.0 tanh 3 0.10000000149011612
0.5555555555555556 1.0 relu 1 0.10000000149011612
0.5555555555555556 1.0 relu 2 0.10000000149011612
0.6666666666666666 0.0 tanh 1 0.13539999723434448
0.5555555555555556 1.0 relu 3 0.10000000149011612
0.6666666666666666 0.0 tanh 2 0.06859999895095825
0.6666666666666666 0.0 tanh 3 0.1404999941587448
0.6666666666666666 0.0 relu 1 0.14790000021457672
0.6666666666666666 0.0 relu 2 0.1054999977350235
0.6666666666666666 0.1111111111111111 tanh 1 0.8708999752998352
0.6666666666666666 0.0 relu 3 0.1054999977350235
0.6666666666666666 0.1111111111111111 tanh 2 0.8756999969482422
0.6666666666666666 0.1111111111111111 relu 1 0.8723999857902527
0.6666666666666666 0.1111111111111111 tanh 3 0.8791000247001648
0.6666666666666666 0.1111111111111111 relu 2 0.8704000115394592
0.6666666666666666 0.1111111111111111 relu 3 0.8549000024795532
0.6666666666666666 0.2222222222222222 tanh 1 0.8730000257492065
0.6666666666666666 0.2222222222222222 tanh 2 0.8700000047683716
0.6666666666666666 0.2222222222222222 relu 1 0.8673999905586243
0.6666666666666666 0.2222222222222222 tanh 3 0.8730999827384949
0.6666666666666666 0.2222222222222222 relu 2 0.8633999824523926
0.6666666666666666 0.2222222222222222 relu 3 0.8603000044822693
0.6666666666666666 0.3333333333333333 tanh 1 0.8634999990463257
0.6666666666666666 0.3333333333333333 tanh 2 0.8682000041007996
0.6666666666666666 0.3333333333333333 tanh 3 0.8691999912261963
0.6666666666666666 0.3333333333333333 relu 1 0.8533999919891357
0.6666666666666666 0.3333333333333333 relu 2 0.8589000105857849
0.6666666666666666 0.3333333333333333 relu 3 0.847100019454956
0.6666666666666666 0.4444444444444444 tanh 1 0.8277000188827515
0.6666666666666666 0.4444444444444444 tanh 2 0.8521000146865845
0.6666666666666666 0.4444444444444444 relu 1 0.8234999775886536
0.6666666666666666 0.4444444444444444 tanh 3 0.8513000011444092
0.6666666666666666 0.4444444444444444 relu 2 0.8238000273704529
0.6666666666666666 0.4444444444444444 relu 3 0.20059999823570251
0.6666666666666666 0.5555555555555556 tanh 1 0.8388000130653381
0.6666666666666666 0.5555555555555556 tanh 2 0.7914000153541565
0.6666666666666666 0.5555555555555556 relu 1 0.7379000186920166
0.6666666666666666 0.5555555555555556 tanh 3 0.10000000149011612
0.6666666666666666 0.5555555555555556 relu 2 0.1956000030040741
0.6666666666666666 0.5555555555555556 relu 3 0.10000000149011612
0.6666666666666666 0.6666666666666666 tanh 1 0.8346999883651733
0.6666666666666666 0.6666666666666666 tanh 2 0.10000000149011612
0.6666666666666666 0.6666666666666666 tanh 3 0.10000000149011612
0.6666666666666666 0.6666666666666666 relu 1 0.21899999678134918
0.6666666666666666 0.6666666666666666 relu 2 0.10000000149011612
0.6666666666666666 0.6666666666666666 relu 3 0.10000000149011612
0.6666666666666666 0.7777777777777777 tanh 1 0.7329999804496765
0.6666666666666666 0.7777777777777777 tanh 2 0.10000000149011612
0.6666666666666666 0.7777777777777777 tanh 3 0.10000000149011612
0.6666666666666666 0.7777777777777777 relu 1 0.10000000149011612
0.6666666666666666 0.7777777777777777 relu 2 0.10000000149011612
0.6666666666666666 0.8888888888888888 tanh 1 0.7329000234603882
0.6666666666666666 0.7777777777777777 relu 3 0.10000000149011612
0.6666666666666666 0.8888888888888888 tanh 2 0.10000000149011612
0.6666666666666666 0.8888888888888888 relu 1 0.10000000149011612
0.6666666666666666 0.8888888888888888 tanh 3 0.10000000149011612
0.6666666666666666 0.8888888888888888 relu 2 0.10000000149011612
0.6666666666666666 0.8888888888888888 relu 3 0.10000000149011612
0.6666666666666666 1.0 tanh 1 0.7930999994277954
0.6666666666666666 1.0 tanh 2 0.10000000149011612
0.6666666666666666 1.0 relu 1 0.10000000149011612
0.6666666666666666 1.0 tanh 3 0.10000000149011612
0.6666666666666666 1.0 relu 2 0.10000000149011612
0.6666666666666666 1.0 relu 3 0.10000000149011612
0.7777777777777777 0.0 tanh 1 0.10599999874830246
0.7777777777777777 0.0 tanh 2 0.11559999734163284
0.7777777777777777 0.0 tanh 3 0.07699999958276749
0.7777777777777777 0.0 relu 1 0.21379999816417694
0.7777777777777777 0.0 relu 2 0.05950000137090683
0.7777777777777777 0.0 relu 3 0.12960000336170197
0.7777777777777777 0.1111111111111111 tanh 1 0.8726000189781189
0.7777777777777777 0.1111111111111111 tanh 2 0.876800000667572
0.7777777777777777 0.1111111111111111 tanh 3 0.8697999715805054
0.7777777777777777 0.1111111111111111 relu 1 0.8657000064849854
0.7777777777777777 0.1111111111111111 relu 2 0.866599977016449
0.7777777777777777 0.2222222222222222 tanh 1 0.8585000038146973
0.7777777777777777 0.1111111111111111 relu 3 0.8690999746322632
0.7777777777777777 0.2222222222222222 tanh 2 0.8575999736785889
0.7777777777777777 0.2222222222222222 tanh 3 0.8673999905586243
0.7777777777777777 0.2222222222222222 relu 1 0.8655999898910522
0.7777777777777777 0.2222222222222222 relu 2 0.8637999892234802
0.7777777777777777 0.2222222222222222 relu 3 0.852400004863739
0.7777777777777777 0.3333333333333333 tanh 1 0.8352000117301941
0.7777777777777777 0.3333333333333333 tanh 2 0.8460000157356262
0.7777777777777777 0.3333333333333333 tanh 3 0.8543000221252441
0.7777777777777777 0.3333333333333333 relu 1 0.842199981212616
0.7777777777777777 0.3333333333333333 relu 2 0.833899974822998
0.7777777777777777 0.3333333333333333 relu 3 0.8258000016212463
0.7777777777777777 0.4444444444444444 tanh 1 0.8406999707221985
0.7777777777777777 0.4444444444444444 tanh 2 0.8317999839782715
0.7777777777777777 0.4444444444444444 tanh 3 0.10000000149011612
0.7777777777777777 0.4444444444444444 relu 1 0.7746000289916992
0.7777777777777777 0.4444444444444444 relu 2 0.10000000149011612
0.7777777777777777 0.4444444444444444 relu 3 0.10000000149011612
0.7777777777777777 0.5555555555555556 tanh 1 0.8166000247001648
0.7777777777777777 0.5555555555555556 tanh 2 0.09989999979734421
0.7777777777777777 0.5555555555555556 tanh 3 0.10000000149011612
0.7777777777777777 0.5555555555555556 relu 1 0.1679999977350235
0.7777777777777777 0.5555555555555556 relu 2 0.10000000149011612
0.7777777777777777 0.5555555555555556 relu 3 0.10000000149011612
0.7777777777777777 0.6666666666666666 tanh 1 0.7337999939918518
0.7777777777777777 0.6666666666666666 tanh 2 0.10000000149011612
0.7777777777777777 0.6666666666666666 tanh 3 0.10000000149011612
0.7777777777777777 0.6666666666666666 relu 1 0.18369999527931213
0.7777777777777777 0.6666666666666666 relu 2 0.10750000178813934
0.7777777777777777 0.6666666666666666 relu 3 0.10000000149011612
0.7777777777777777 0.7777777777777777 tanh 1 0.7024000287055969
0.7777777777777777 0.7777777777777777 tanh 2 0.10000000149011612
0.7777777777777777 0.7777777777777777 tanh 3 0.10000000149011612
0.7777777777777777 0.7777777777777777 relu 1 0.10000000149011612
0.7777777777777777 0.7777777777777777 relu 2 0.10000000149011612
0.7777777777777777 0.7777777777777777 relu 3 0.10000000149011612
0.7777777777777777 0.8888888888888888 tanh 1 0.7678999900817871
0.7777777777777777 0.8888888888888888 tanh 2 0.10000000149011612
0.7777777777777777 0.8888888888888888 tanh 3 0.10000000149011612
0.7777777777777777 0.8888888888888888 relu 1 0.10000000149011612
0.7777777777777777 0.8888888888888888 relu 2 0.10000000149011612
0.7777777777777777 0.8888888888888888 relu 3 0.10000000149011612
0.7777777777777777 1.0 tanh 1 0.5623999834060669
0.7777777777777777 1.0 tanh 2 0.10000000149011612
0.7777777777777777 1.0 relu 1 0.10000000149011612
0.7777777777777777 1.0 tanh 3 0.10000000149011612
0.7777777777777777 1.0 relu 2 0.10000000149011612
0.8888888888888888 0.0 tanh 1 0.08829999715089798
0.8888888888888888 0.0 tanh 2 0.15790000557899475
0.7777777777777777 1.0 relu 3 0.10000000149011612
0.8888888888888888 0.0 relu 1 0.09929999709129333
0.8888888888888888 0.0 tanh 3 0.05999999865889549
0.8888888888888888 0.0 relu 2 0.14710000157356262
0.8888888888888888 0.1111111111111111 tanh 1 0.8720999956130981
0.8888888888888888 0.0 relu 3 0.10300000011920929
0.8888888888888888 0.1111111111111111 tanh 2 0.8683000206947327
0.8888888888888888 0.1111111111111111 tanh 3 0.8650000095367432
0.8888888888888888 0.1111111111111111 relu 1 0.8503000140190125
0.8888888888888888 0.1111111111111111 relu 3 0.8598999977111816
0.8888888888888888 0.1111111111111111 relu 2 0.8547000288963318
0.8888888888888888 0.2222222222222222 tanh 1 0.8450999855995178
0.8888888888888888 0.2222222222222222 tanh 2 0.8468999862670898
0.8888888888888888 0.2222222222222222 tanh 3 0.8327999711036682
0.8888888888888888 0.2222222222222222 relu 1 0.828499972820282
0.8888888888888888 0.2222222222222222 relu 2 0.8307999968528748
0.8888888888888888 0.3333333333333333 tanh 1 0.8162999749183655
0.8888888888888888 0.2222222222222222 relu 3 0.10000000149011612
0.8888888888888888 0.3333333333333333 tanh 2 0.7041000127792358
0.8888888888888888 0.3333333333333333 relu 1 0.640500009059906
0.8888888888888888 0.3333333333333333 tanh 3 0.10000000149011612
0.8888888888888888 0.3333333333333333 relu 2 0.10000000149011612
0.8888888888888888 0.3333333333333333 relu 3 0.10000000149011612
0.8888888888888888 0.4444444444444444 tanh 1 0.795799970626831
0.8888888888888888 0.4444444444444444 tanh 2 0.10000000149011612
0.8888888888888888 0.4444444444444444 tanh 3 0.10000000149011612
0.8888888888888888 0.4444444444444444 relu 2 0.20000000298023224
0.8888888888888888 0.4444444444444444 relu 1 0.2280000001192093
0.8888888888888888 0.5555555555555556 tanh 1 0.7653999924659729
0.8888888888888888 0.4444444444444444 relu 3 0.10000000149011612
0.8888888888888888 0.5555555555555556 tanh 2 0.10000000149011612
0.8888888888888888 0.5555555555555556 tanh 3 0.10000000149011612
0.8888888888888888 0.5555555555555556 relu 1 0.10000000149011612
0.8888888888888888 0.5555555555555556 relu 2 0.10000000149011612
0.8888888888888888 0.6666666666666666 tanh 1 0.5748000144958496
0.8888888888888888 0.5555555555555556 relu 3 0.10000000149011612
0.8888888888888888 0.6666666666666666 tanh 2 0.10000000149011612
0.8888888888888888 0.6666666666666666 tanh 3 0.10000000149011612
0.8888888888888888 0.6666666666666666 relu 1 0.10000000149011612
0.8888888888888888 0.6666666666666666 relu 2 0.10000000149011612
0.8888888888888888 0.7777777777777777 tanh 1 0.5918999910354614
0.8888888888888888 0.6666666666666666 relu 3 0.10000000149011612
0.8888888888888888 0.7777777777777777 tanh 2 0.10000000149011612
0.8888888888888888 0.7777777777777777 tanh 3 0.10000000149011612
0.8888888888888888 0.7777777777777777 relu 1 0.12929999828338623
0.8888888888888888 0.7777777777777777 relu 2 0.10000000149011612
0.8888888888888888 0.8888888888888888 tanh 1 0.5889000296592712
0.8888888888888888 0.7777777777777777 relu 3 0.10000000149011612
0.8888888888888888 0.8888888888888888 tanh 2 0.10000000149011612
0.8888888888888888 0.8888888888888888 tanh 3 0.10000000149011612
0.8888888888888888 0.8888888888888888 relu 1 0.10000000149011612
0.8888888888888888 0.8888888888888888 relu 2 0.10000000149011612
0.8888888888888888 1.0 tanh 1 0.6007000207901001
0.8888888888888888 0.8888888888888888 relu 3 0.10000000149011612
0.8888888888888888 1.0 tanh 2 0.10000000149011612
0.8888888888888888 1.0 tanh 3 0.10000000149011612
0.8888888888888888 1.0 relu 1 0.10000000149011612
0.8888888888888888 1.0 relu 2 0.10000000149011612
0.8888888888888888 1.0 relu 3 0.10000000149011612
1.0 0.0 tanh 1 0.11240000277757645
1.0 0.0 tanh 2 0.12939999997615814
1.0 0.0 tanh 3 0.1264999955892563
1.0 0.0 relu 1 0.10620000213384628
1.0 0.0 relu 2 0.09239999949932098
1.0 0.0 relu 3 0.12210000306367874
1.0 0.1111111111111111 tanh 1 0.20489999651908875
1.0 0.1111111111111111 tanh 2 0.10000000149011612
1.0 0.1111111111111111 relu 1 0.10769999772310257
1.0 0.1111111111111111 tanh 3 0.10000000149011612
1.0 0.1111111111111111 relu 2 0.10000000149011612
1.0 0.1111111111111111 relu 3 0.10000000149011612
1.0 0.2222222222222222 tanh 1 0.10610000044107437
1.0 0.2222222222222222 tanh 2 0.10000000149011612
1.0 0.2222222222222222 relu 1 0.10090000182390213
1.0 0.2222222222222222 tanh 3 0.10000000149011612
1.0 0.2222222222222222 relu 2 0.10000000149011612
1.0 0.2222222222222222 relu 3 0.10000000149011612
1.0 0.3333333333333333 tanh 1 0.10459999740123749
1.0 0.3333333333333333 tanh 2 0.10000000149011612
1.0 0.3333333333333333 relu 1 0.10000000149011612
1.0 0.3333333333333333 tanh 3 0.10000000149011612
1.0 0.3333333333333333 relu 2 0.10000000149011612
1.0 0.3333333333333333 relu 3 0.10000000149011612
1.0 0.4444444444444444 tanh 2 0.09989999979734421
1.0 0.4444444444444444 tanh 1 0.19859999418258667
1.0 0.4444444444444444 tanh 3 0.10000000149011612
1.0 0.4444444444444444 relu 1 0.10019999742507935
1.0 0.4444444444444444 relu 2 0.10000000149011612
1.0 0.4444444444444444 relu 3 0.09989999979734421
1.0 0.5555555555555556 tanh 1 0.10000000149011612
1.0 0.5555555555555556 tanh 2 0.10000000149011612
1.0 0.5555555555555556 relu 1 0.10000000149011612
1.0 0.5555555555555556 tanh 3 0.10000000149011612
1.0 0.5555555555555556 relu 2 0.10000000149011612
1.0 0.5555555555555556 relu 3 0.10000000149011612
1.0 0.6666666666666666 tanh 1 0.10010000318288803
1.0 0.6666666666666666 tanh 2 0.10000000149011612
1.0 0.6666666666666666 relu 1 0.10000000149011612
1.0 0.6666666666666666 tanh 3 0.10000000149011612
1.0 0.6666666666666666 relu 2 0.10000000149011612
1.0 0.6666666666666666 relu 3 0.10000000149011612
1.0 0.7777777777777777 tanh 1 0.10040000081062317
1.0 0.7777777777777777 tanh 2 0.10000000149011612
1.0 0.7777777777777777 relu 1 0.10000000149011612
1.0 0.7777777777777777 relu 2 0.10000000149011612
1.0 0.7777777777777777 tanh 3 0.10000000149011612
1.0 0.7777777777777777 relu 3 0.10000000149011612
1.0 0.8888888888888888 tanh 1 0.10000000149011612
1.0 0.8888888888888888 tanh 2 0.10000000149011612
1.0 0.8888888888888888 tanh 3 0.10000000149011612
1.0 0.8888888888888888 relu 1 0.10000000149011612
1.0 0.8888888888888888 relu 2 0.10000000149011612
1.0 1.0 tanh 1 0.19900000095367432
1.0 0.8888888888888888 relu 3 0.10000000149011612
1.0 1.0 tanh 2 0.10010000318288803
1.0 1.0 relu 1 0.10000000149011612
1.0 1.0 tanh 3 0.10000000149011612
1.0 1.0 relu 2 0.10000000149011612
1.0 1.0 relu 3 0.10000000149011612
killed