0.555555556 0.111111111 relu 2 0.0001 0.0001 1e-05 0.0001 sgd 0.8 0.4465999901294708
0.555555556 0.111111111 relu 2 0.0001 0.0001 1e-05 0.0001 sgd 0.0 0.8729000091552734
0.555555556 0.111111111 relu 2 0.0001 0.0001 1e-05 0.0001 sgd 0.7111111111111111 0.6843000054359436
0.555555556 0.111111111 relu 2 0.0001 0.0001 1e-05 0.0001 sgd 0.4444444444444445 0.8543000221252441
0.555555556 0.111111111 relu 2 0.0001 0.0001 1e-05 0.0001 sgd 0.5333333333333333 0.8424999713897705
0.555555556 0.111111111 relu 2 0.0001 0.0001 1e-05 0.0001 sgd 0.17777777777777778 0.8758000135421753
0.555555556 0.111111111 relu 2 0.0001 0.0001 1e-05 0.0001 sgd 0.35555555555555557 0.8590999841690063
0.555555556 0.111111111 relu 2 0.0001 0.0001 1e-05 0.0001 sgd 0.08888888888888889 0.8689000010490417
0.555555556 0.111111111 relu 2 0.0001 0.0001 1e-05 0.0001 sgd 0.26666666666666666 0.8634999990463257
0.555555556 0.111111111 relu 2 0.0001 0.0001 1e-05 0.0001 sgd 0.6222222222222222 0.8198999762535095
0.555555556 0.111111111 relu 2 0.0001 0.0001 1e-05 0.0001 Adam 0.08888888888888889 0.1988999992609024
0.555555556 0.111111111 relu 2 0.0001 0.0001 1e-05 0.0001 Adam 0.0 0.10000000149011612
0.555555556 0.111111111 relu 2 0.0001 0.0001 1e-05 0.0001 Adam 0.26666666666666666 0.10000000149011612
0.555555556 0.111111111 relu 2 0.0001 0.0001 1e-05 0.0001 Adam 0.4444444444444445 0.10000000149011612
0.555555556 0.111111111 relu 2 0.0001 0.0001 1e-05 0.0001 Adam 0.17777777777777778 0.10000000149011612
0.555555556 0.111111111 relu 2 0.0001 0.0001 1e-05 0.0001 Adam 0.35555555555555557 0.10000000149011612
0.555555556 0.111111111 relu 2 0.0001 0.0001 1e-05 0.0001 Adam 0.6222222222222222 0.10000000149011612
0.555555556 0.111111111 relu 2 0.0001 0.0001 1e-05 0.0001 Adam 0.5333333333333333 0.10000000149011612
0.555555556 0.111111111 relu 2 0.0001 0.0001 1e-05 0.0001 Adam 0.7111111111111111 0.10000000149011612
0.555555556 0.111111111 relu 2 0.0001 0.0001 1e-05 0.0001 Adam 0.8 0.10000000149011612
0.555555556 0.111111111 relu 2 0.0001 0.0001 1e-05 0.0001 RMSprop 0.0 0.10000000149011612
0.555555556 0.111111111 relu 2 0.0001 0.0001 1e-05 0.0001 RMSprop 0.08888888888888889 0.1965000033378601
0.555555556 0.111111111 relu 2 0.0001 0.0001 1e-05 0.0001 RMSprop 0.17777777777777778 0.11789999902248383
0.555555556 0.111111111 relu 2 0.0001 0.0001 1e-05 0.0001 RMSprop 0.26666666666666666 0.10000000149011612
0.555555556 0.111111111 relu 2 0.0001 0.0001 1e-05 0.0001 RMSprop 0.35555555555555557 0.10000000149011612
0.555555556 0.111111111 relu 2 0.0001 0.0001 1e-05 0.0001 RMSprop 0.4444444444444445 0.10010000318288803
0.555555556 0.111111111 relu 2 0.0001 0.0001 1e-05 0.0001 RMSprop 0.5333333333333333 0.11900000274181366
0.555555556 0.111111111 relu 2 0.0001 0.0001 1e-05 0.0001 RMSprop 0.6222222222222222 0.10000000149011612
0.555555556 0.111111111 relu 2 0.0001 0.0001 1e-05 0.0001 RMSprop 0.7111111111111111 0.10000000149011612
0.555555556 0.111111111 relu 2 0.0001 0.0001 1e-05 0.0001 RMSprop 0.8 0.133200004696846
0.555555556 0.111111111 relu 2 0.0001 0.0001 1e-05 0.0001 Adadelta 0.08888888888888889 0.8521000146865845
0.555555556 0.111111111 relu 2 0.0001 0.0001 1e-05 0.0001 Adadelta 0.0 0.8574000000953674
0.555555556 0.111111111 relu 2 0.0001 0.0001 1e-05 0.0001 Adadelta 0.17777777777777778 0.8544999957084656
0.555555556 0.111111111 relu 2 0.0001 0.0001 1e-05 0.0001 Adadelta 0.26666666666666666 0.8481000065803528
0.555555556 0.111111111 relu 2 0.0001 0.0001 1e-05 0.0001 Adadelta 0.35555555555555557 0.8422999978065491
0.555555556 0.111111111 relu 2 0.0001 0.0001 1e-05 0.0001 Adadelta 0.5333333333333333 0.8339999914169312
0.555555556 0.111111111 relu 2 0.0001 0.0001 1e-05 0.0001 Adadelta 0.4444444444444445 0.8381999731063843
0.555555556 0.111111111 relu 2 0.0001 0.0001 1e-05 0.0001 Adadelta 0.6222222222222222 0.8295000195503235
0.555555556 0.111111111 relu 2 0.0001 0.0001 1e-05 0.0001 Adadelta 0.7111111111111111 0.8190000057220459
0.555555556 0.111111111 relu 2 0.0001 0.0001 1e-05 0.0001 Adadelta 0.8 0.7950000166893005
0.555555556 0.111111111 relu 2 0.0001 0.0001 1e-05 0.0001 Adagrad 0.0 0.8621000051498413
0.555555556 0.111111111 relu 2 0.0001 0.0001 1e-05 0.0001 Adagrad 0.08888888888888889 0.8733000159263611
0.555555556 0.111111111 relu 2 0.0001 0.0001 1e-05 0.0001 Adagrad 0.17777777777777778 0.8711000084877014
0.555555556 0.111111111 relu 2 0.0001 0.0001 1e-05 0.0001 Adagrad 0.26666666666666666 0.8647000193595886
0.555555556 0.111111111 relu 2 0.0001 0.0001 1e-05 0.0001 Adagrad 0.35555555555555557 0.8583999872207642
0.555555556 0.111111111 relu 2 0.0001 0.0001 1e-05 0.0001 Adagrad 0.5333333333333333 0.8069999814033508
0.555555556 0.111111111 relu 2 0.0001 0.0001 1e-05 0.0001 Adagrad 0.4444444444444445 0.8513000011444092
0.555555556 0.111111111 relu 2 0.0001 0.0001 1e-05 0.0001 Adagrad 0.7111111111111111 0.5843999981880188
0.555555556 0.111111111 relu 2 0.0001 0.0001 1e-05 0.0001 Adagrad 0.6222222222222222 0.7045000195503235
0.555555556 0.111111111 relu 2 0.0001 0.0001 1e-05 0.0001 Adagrad 0.8 0.3506999909877777
0.555555556 0.111111111 relu 2 0.0001 0.0001 1e-05 0.0001 Adamax 0.08888888888888889 0.7867000102996826
0.555555556 0.111111111 relu 2 0.0001 0.0001 1e-05 0.0001 Adamax 0.17777777777777778 0.7702000141143799
0.555555556 0.111111111 relu 2 0.0001 0.0001 1e-05 0.0001 Adamax 0.0 0.8240000009536743
0.555555556 0.111111111 relu 2 0.0001 0.0001 1e-05 0.0001 Adamax 0.26666666666666666 0.7702000141143799
0.555555556 0.111111111 relu 2 0.0001 0.0001 1e-05 0.0001 Adamax 0.35555555555555557 0.7285000085830688
0.555555556 0.111111111 relu 2 0.0001 0.0001 1e-05 0.0001 Adamax 0.4444444444444445 0.6987000107765198
0.555555556 0.111111111 relu 2 0.0001 0.0001 1e-05 0.0001 Adamax 0.5333333333333333 0.6050999760627747
0.555555556 0.111111111 relu 2 0.0001 0.0001 1e-05 0.0001 Adamax 0.6222222222222222 0.5228000283241272
0.555555556 0.111111111 relu 2 0.0001 0.0001 1e-05 0.0001 Adamax 0.7111111111111111 0.49939998984336853
0.555555556 0.111111111 relu 2 0.0001 0.0001 1e-05 0.0001 Adamax 0.8 0.45509999990463257
0.555555556 0.111111111 relu 2 0.0001 0.0001 1e-05 0.0001 Nadam 0.08888888888888889 0.10000000149011612
0.555555556 0.111111111 relu 2 0.0001 0.0001 1e-05 0.0001 Nadam 0.17777777777777778 0.10010000318288803
0.555555556 0.111111111 relu 2 0.0001 0.0001 1e-05 0.0001 Nadam 0.0 0.10000000149011612
0.555555556 0.111111111 relu 2 0.0001 0.0001 1e-05 0.0001 Nadam 0.26666666666666666 0.10000000149011612
0.555555556 0.111111111 relu 2 0.0001 0.0001 1e-05 0.0001 Nadam 0.35555555555555557 0.10000000149011612
0.555555556 0.111111111 relu 2 0.0001 0.0001 1e-05 0.0001 Nadam 0.4444444444444445 0.10000000149011612
0.555555556 0.111111111 relu 2 0.0001 0.0001 1e-05 0.0001 Nadam 0.5333333333333333 0.10000000149011612
0.555555556 0.111111111 relu 2 0.0001 0.0001 1e-05 0.0001 Nadam 0.6222222222222222 0.10000000149011612
0.555555556 0.111111111 relu 2 0.0001 0.0001 1e-05 0.0001 Nadam 0.7111111111111111 0.10000000149011612
0.555555556 0.111111111 relu 2 0.0001 0.0001 1e-05 0.0001 Nadam 0.8 0.10000000149011612
0.555555556 0.111111111 relu 2 0.0001 0.0001 1e-05 0.0001 Ftrl 0.08888888888888889 0.8605999946594238
0.555555556 0.111111111 relu 2 0.0001 0.0001 1e-05 0.0001 Ftrl 0.26666666666666666 0.8299999833106995
0.555555556 0.111111111 relu 2 0.0001 0.0001 1e-05 0.0001 Ftrl 0.35555555555555557 0.8274000287055969
0.555555556 0.111111111 relu 2 0.0001 0.0001 1e-05 0.0001 Ftrl 0.4444444444444445 0.7714999914169312
0.555555556 0.111111111 relu 2 0.0001 0.0001 1e-05 0.0001 Ftrl 0.0 0.852400004863739
0.555555556 0.111111111 relu 2 0.0001 0.0001 1e-05 0.0001 Ftrl 0.5333333333333333 0.7153000235557556
0.555555556 0.111111111 relu 2 0.0001 0.0001 1e-05 0.0001 Ftrl 0.17777777777777778 0.8468000292778015
0.555555556 0.111111111 relu 2 0.0001 0.0001 1e-05 0.0001 Ftrl 0.6222222222222222 0.6287000179290771
0.555555556 0.111111111 relu 2 0.0001 0.0001 1e-05 0.0001 Ftrl 0.7111111111111111 0.46050000190734863
0.444444444 0.222222222 tanh 2 0.0001 1e-05 1e-05 1e-05 sgd 0.0 0.8615000247955322
0.444444444 0.222222222 tanh 2 0.0001 1e-05 1e-05 1e-05 sgd 0.08888888888888889 0.8723000288009644
0.555555556 0.111111111 relu 2 0.0001 0.0001 1e-05 0.0001 Ftrl 0.8 0.3215000033378601
0.444444444 0.222222222 tanh 2 0.0001 1e-05 1e-05 1e-05 sgd 0.17777777777777778 0.8664000034332275
0.444444444 0.222222222 tanh 2 0.0001 1e-05 1e-05 1e-05 sgd 0.26666666666666666 0.8655999898910522
0.444444444 0.222222222 tanh 2 0.0001 1e-05 1e-05 1e-05 sgd 0.4444444444444445 0.8628000020980835
0.444444444 0.222222222 tanh 2 0.0001 1e-05 1e-05 1e-05 sgd 0.35555555555555557 0.8614000082015991
0.444444444 0.222222222 tanh 2 0.0001 1e-05 1e-05 1e-05 sgd 0.5333333333333333 0.8353000283241272
0.444444444 0.222222222 tanh 2 0.0001 1e-05 1e-05 1e-05 sgd 0.6222222222222222 0.8457000255584717
0.444444444 0.222222222 tanh 2 0.0001 1e-05 1e-05 1e-05 sgd 0.7111111111111111 0.8395000100135803
0.444444444 0.222222222 tanh 2 0.0001 1e-05 1e-05 1e-05 sgd 0.8 0.8342000246047974
0.444444444 0.222222222 tanh 2 0.0001 1e-05 1e-05 1e-05 Adam 0.0 0.10000000149011612
0.444444444 0.222222222 tanh 2 0.0001 1e-05 1e-05 1e-05 Adam 0.08888888888888889 0.10000000149011612
0.444444444 0.222222222 tanh 2 0.0001 1e-05 1e-05 1e-05 Adam 0.17777777777777778 0.10000000149011612
0.444444444 0.222222222 tanh 2 0.0001 1e-05 1e-05 1e-05 Adam 0.26666666666666666 0.16750000417232513
0.444444444 0.222222222 tanh 2 0.0001 1e-05 1e-05 1e-05 Adam 0.35555555555555557 0.20340000092983246
0.444444444 0.222222222 tanh 2 0.0001 1e-05 1e-05 1e-05 Adam 0.5333333333333333 0.10000000149011612
0.444444444 0.222222222 tanh 2 0.0001 1e-05 1e-05 1e-05 Adam 0.4444444444444445 0.19850000739097595
0.444444444 0.222222222 tanh 2 0.0001 1e-05 1e-05 1e-05 Adam 0.6222222222222222 0.11020000278949738
0.444444444 0.222222222 tanh 2 0.0001 1e-05 1e-05 1e-05 Adam 0.7111111111111111 0.19830000400543213
0.444444444 0.222222222 tanh 2 0.0001 1e-05 1e-05 1e-05 Adam 0.8 0.19949999451637268
0.444444444 0.222222222 tanh 2 0.0001 1e-05 1e-05 1e-05 RMSprop 0.0 0.10000000149011612
0.444444444 0.222222222 tanh 2 0.0001 1e-05 1e-05 1e-05 RMSprop 0.08888888888888889 0.10000000149011612
0.444444444 0.222222222 tanh 2 0.0001 1e-05 1e-05 1e-05 RMSprop 0.17777777777777778 0.10000000149011612
0.444444444 0.222222222 tanh 2 0.0001 1e-05 1e-05 1e-05 RMSprop 0.26666666666666666 0.09830000251531601
0.444444444 0.222222222 tanh 2 0.0001 1e-05 1e-05 1e-05 RMSprop 0.35555555555555557 0.19949999451637268
0.444444444 0.222222222 tanh 2 0.0001 1e-05 1e-05 1e-05 RMSprop 0.4444444444444445 0.10000000149011612
0.444444444 0.222222222 tanh 2 0.0001 1e-05 1e-05 1e-05 RMSprop 0.5333333333333333 0.18310000002384186
0.444444444 0.222222222 tanh 2 0.0001 1e-05 1e-05 1e-05 RMSprop 0.6222222222222222 0.21299999952316284
0.444444444 0.222222222 tanh 2 0.0001 1e-05 1e-05 1e-05 RMSprop 0.7111111111111111 0.08160000294446945
0.444444444 0.222222222 tanh 2 0.0001 1e-05 1e-05 1e-05 RMSprop 0.8 0.09989999979734421
0.444444444 0.222222222 tanh 2 0.0001 1e-05 1e-05 1e-05 Adadelta 0.0 0.8618000149726868
0.444444444 0.222222222 tanh 2 0.0001 1e-05 1e-05 1e-05 Adadelta 0.08888888888888889 0.859000027179718
0.444444444 0.222222222 tanh 2 0.0001 1e-05 1e-05 1e-05 Adadelta 0.17777777777777778 0.8567000031471252
0.444444444 0.222222222 tanh 2 0.0001 1e-05 1e-05 1e-05 Adadelta 0.26666666666666666 0.8553000092506409
0.444444444 0.222222222 tanh 2 0.0001 1e-05 1e-05 1e-05 Adadelta 0.35555555555555557 0.8496000170707703
0.444444444 0.222222222 tanh 2 0.0001 1e-05 1e-05 1e-05 Adadelta 0.4444444444444445 0.8500999808311462
0.444444444 0.222222222 tanh 2 0.0001 1e-05 1e-05 1e-05 Adadelta 0.5333333333333333 0.8447999954223633
0.444444444 0.222222222 tanh 2 0.0001 1e-05 1e-05 1e-05 Adadelta 0.6222222222222222 0.8443999886512756
0.444444444 0.222222222 tanh 2 0.0001 1e-05 1e-05 1e-05 Adadelta 0.8 0.8285999894142151
0.444444444 0.222222222 tanh 2 0.0001 1e-05 1e-05 1e-05 Adagrad 0.0 0.8611000180244446
0.444444444 0.222222222 tanh 2 0.0001 1e-05 1e-05 1e-05 Adadelta 0.7111111111111111 0.8367000222206116
0.444444444 0.222222222 tanh 2 0.0001 1e-05 1e-05 1e-05 Adagrad 0.08888888888888889 0.8495000004768372
0.444444444 0.222222222 tanh 2 0.0001 1e-05 1e-05 1e-05 Adagrad 0.17777777777777778 0.868399977684021
0.444444444 0.222222222 tanh 2 0.0001 1e-05 1e-05 1e-05 Adagrad 0.26666666666666666 0.8664000034332275
0.444444444 0.222222222 tanh 2 0.0001 1e-05 1e-05 1e-05 Adagrad 0.35555555555555557 0.8640999794006348
0.444444444 0.222222222 tanh 2 0.0001 1e-05 1e-05 1e-05 Adagrad 0.4444444444444445 0.859499990940094
0.444444444 0.222222222 tanh 2 0.0001 1e-05 1e-05 1e-05 Adagrad 0.5333333333333333 0.8521000146865845
0.444444444 0.222222222 tanh 2 0.0001 1e-05 1e-05 1e-05 Adagrad 0.6222222222222222 0.8497999906539917
0.444444444 0.222222222 tanh 2 0.0001 1e-05 1e-05 1e-05 Adamax 0.0 0.683899998664856
0.444444444 0.222222222 tanh 2 0.0001 1e-05 1e-05 1e-05 Adagrad 0.7111111111111111 0.8474000096321106
0.444444444 0.222222222 tanh 2 0.0001 1e-05 1e-05 1e-05 Adagrad 0.8 0.8303999900817871
0.444444444 0.222222222 tanh 2 0.0001 1e-05 1e-05 1e-05 Adamax 0.08888888888888889 0.6211000084877014
0.444444444 0.222222222 tanh 2 0.0001 1e-05 1e-05 1e-05 Adamax 0.35555555555555557 0.6678000092506409
0.444444444 0.222222222 tanh 2 0.0001 1e-05 1e-05 1e-05 Adamax 0.17777777777777778 0.6796000003814697
0.444444444 0.222222222 tanh 2 0.0001 1e-05 1e-05 1e-05 Adamax 0.26666666666666666 0.7098000049591064
0.444444444 0.222222222 tanh 2 0.0001 1e-05 1e-05 1e-05 Adamax 0.4444444444444445 0.6625000238418579
0.444444444 0.222222222 tanh 2 0.0001 1e-05 1e-05 1e-05 Adamax 0.5333333333333333 0.620199978351593
0.444444444 0.222222222 tanh 2 0.0001 1e-05 1e-05 1e-05 Adamax 0.8 0.3970000147819519
0.444444444 0.222222222 tanh 2 0.0001 1e-05 1e-05 1e-05 Adamax 0.6222222222222222 0.5881999731063843
0.444444444 0.222222222 tanh 2 0.0001 1e-05 1e-05 1e-05 Adamax 0.7111111111111111 0.5601999759674072
0.444444444 0.222222222 tanh 2 0.0001 1e-05 1e-05 1e-05 Nadam 0.0 0.10000000149011612
0.444444444 0.222222222 tanh 2 0.0001 1e-05 1e-05 1e-05 Nadam 0.08888888888888889 0.10000000149011612
0.444444444 0.222222222 tanh 2 0.0001 1e-05 1e-05 1e-05 Nadam 0.17777777777777778 0.10000000149011612
0.444444444 0.222222222 tanh 2 0.0001 1e-05 1e-05 1e-05 Nadam 0.26666666666666666 0.10000000149011612
0.444444444 0.222222222 tanh 2 0.0001 1e-05 1e-05 1e-05 Nadam 0.35555555555555557 0.24690000712871552
0.444444444 0.222222222 tanh 2 0.0001 1e-05 1e-05 1e-05 Nadam 0.4444444444444445 0.10000000149011612
0.444444444 0.222222222 tanh 2 0.0001 1e-05 1e-05 1e-05 Nadam 0.5333333333333333 0.1973000019788742
0.444444444 0.222222222 tanh 2 0.0001 1e-05 1e-05 1e-05 Nadam 0.6222222222222222 0.27730000019073486
0.444444444 0.222222222 tanh 2 0.0001 1e-05 1e-05 1e-05 Nadam 0.8 0.10000000149011612
0.444444444 0.222222222 tanh 2 0.0001 1e-05 1e-05 1e-05 Nadam 0.7111111111111111 0.09989999979734421
0.444444444 0.222222222 tanh 2 0.0001 1e-05 1e-05 1e-05 Ftrl 0.0 0.8632000088691711
0.444444444 0.222222222 tanh 2 0.0001 1e-05 1e-05 1e-05 Ftrl 0.08888888888888889 0.8684999942779541
0.444444444 0.222222222 tanh 2 0.0001 1e-05 1e-05 1e-05 Ftrl 0.17777777777777778 0.8637999892234802
0.444444444 0.222222222 tanh 2 0.0001 1e-05 1e-05 1e-05 Ftrl 0.26666666666666666 0.8507999777793884
0.444444444 0.222222222 tanh 2 0.0001 1e-05 1e-05 1e-05 Ftrl 0.35555555555555557 0.8585000038146973
0.444444444 0.222222222 tanh 2 0.0001 1e-05 1e-05 1e-05 Ftrl 0.4444444444444445 0.8597000241279602
0.444444444 0.222222222 tanh 2 0.0001 1e-05 1e-05 1e-05 Ftrl 0.5333333333333333 0.8572999835014343
0.444444444 0.222222222 tanh 2 0.0001 1e-05 1e-05 1e-05 Ftrl 0.7111111111111111 0.8349000215530396
0.444444444 0.222222222 tanh 2 0.0001 1e-05 1e-05 1e-05 Ftrl 0.8 0.8256999850273132
0.444444444 0.222222222 tanh 2 0.0001 1e-05 1e-05 1e-05 Ftrl 0.6222222222222222 0.8496000170707703
0.555555556 0.111111111 relu 2 0.001 0.0001 1e-05 1e-05 sgd 0.0 0.8741000294685364
0.555555556 0.111111111 relu 2 0.001 0.0001 1e-05 1e-05 sgd 0.08888888888888889 0.8673999905586243
0.555555556 0.111111111 relu 2 0.001 0.0001 1e-05 1e-05 sgd 0.17777777777777778 0.8671000003814697
0.555555556 0.111111111 relu 2 0.001 0.0001 1e-05 1e-05 sgd 0.26666666666666666 0.8655999898910522
0.555555556 0.111111111 relu 2 0.001 0.0001 1e-05 1e-05 sgd 0.35555555555555557 0.8658999800682068
0.555555556 0.111111111 relu 2 0.001 0.0001 1e-05 1e-05 sgd 0.4444444444444445 0.8482999801635742
0.555555556 0.111111111 relu 2 0.001 0.0001 1e-05 1e-05 sgd 0.5333333333333333 0.8285999894142151
0.555555556 0.111111111 relu 2 0.001 0.0001 1e-05 1e-05 sgd 0.6222222222222222 0.7857000231742859
0.555555556 0.111111111 relu 2 0.001 0.0001 1e-05 1e-05 sgd 0.7111111111111111 0.659600019454956
0.555555556 0.111111111 relu 2 0.001 0.0001 1e-05 1e-05 sgd 0.8 0.4593999981880188
0.555555556 0.111111111 relu 2 0.001 0.0001 1e-05 1e-05 Adam 0.0 0.10000000149011612
0.555555556 0.111111111 relu 2 0.001 0.0001 1e-05 1e-05 Adam 0.17777777777777778 0.10000000149011612
0.555555556 0.111111111 relu 2 0.001 0.0001 1e-05 1e-05 Adam 0.08888888888888889 0.15569999814033508
0.555555556 0.111111111 relu 2 0.001 0.0001 1e-05 1e-05 Adam 0.26666666666666666 0.10000000149011612
0.555555556 0.111111111 relu 2 0.001 0.0001 1e-05 1e-05 Adam 0.35555555555555557 0.10000000149011612
0.555555556 0.111111111 relu 2 0.001 0.0001 1e-05 1e-05 Adam 0.4444444444444445 0.10000000149011612
0.555555556 0.111111111 relu 2 0.001 0.0001 1e-05 1e-05 Adam 0.5333333333333333 0.10000000149011612
0.555555556 0.111111111 relu 2 0.001 0.0001 1e-05 1e-05 Adam 0.7111111111111111 0.10000000149011612
0.555555556 0.111111111 relu 2 0.001 0.0001 1e-05 1e-05 Adam 0.8 0.10000000149011612
0.555555556 0.111111111 relu 2 0.001 0.0001 1e-05 1e-05 Adam 0.6222222222222222 0.10000000149011612
0.555555556 0.111111111 relu 2 0.001 0.0001 1e-05 1e-05 RMSprop 0.0 0.10000000149011612
0.555555556 0.111111111 relu 2 0.001 0.0001 1e-05 1e-05 RMSprop 0.08888888888888889 0.16750000417232513
0.555555556 0.111111111 relu 2 0.001 0.0001 1e-05 1e-05 RMSprop 0.17777777777777778 0.10010000318288803
0.555555556 0.111111111 relu 2 0.001 0.0001 1e-05 1e-05 RMSprop 0.26666666666666666 0.10010000318288803
0.555555556 0.111111111 relu 2 0.001 0.0001 1e-05 1e-05 RMSprop 0.35555555555555557 0.1818999946117401
0.555555556 0.111111111 relu 2 0.001 0.0001 1e-05 1e-05 RMSprop 0.4444444444444445 0.10000000149011612
0.555555556 0.111111111 relu 2 0.001 0.0001 1e-05 1e-05 RMSprop 0.6222222222222222 0.10000000149011612
0.555555556 0.111111111 relu 2 0.001 0.0001 1e-05 1e-05 RMSprop 0.7111111111111111 0.09989999979734421
0.555555556 0.111111111 relu 2 0.001 0.0001 1e-05 1e-05 RMSprop 0.5333333333333333 0.10000000149011612
0.555555556 0.111111111 relu 2 0.001 0.0001 1e-05 1e-05 RMSprop 0.8 0.10000000149011612
0.555555556 0.111111111 relu 2 0.001 0.0001 1e-05 1e-05 Adadelta 0.0 0.8572999835014343
0.555555556 0.111111111 relu 2 0.001 0.0001 1e-05 1e-05 Adadelta 0.08888888888888889 0.8550999760627747
0.555555556 0.111111111 relu 2 0.001 0.0001 1e-05 1e-05 Adadelta 0.17777777777777778 0.8504999876022339
0.555555556 0.111111111 relu 2 0.001 0.0001 1e-05 1e-05 Adadelta 0.26666666666666666 0.8536999821662903
0.555555556 0.111111111 relu 2 0.001 0.0001 1e-05 1e-05 Adadelta 0.35555555555555557 0.8443999886512756
0.555555556 0.111111111 relu 2 0.001 0.0001 1e-05 1e-05 Adadelta 0.4444444444444445 0.8396000266075134
0.555555556 0.111111111 relu 2 0.001 0.0001 1e-05 1e-05 Adadelta 0.5333333333333333 0.8367999792098999
0.555555556 0.111111111 relu 2 0.001 0.0001 1e-05 1e-05 Adadelta 0.7111111111111111 0.8176000118255615
0.555555556 0.111111111 relu 2 0.001 0.0001 1e-05 1e-05 Adadelta 0.6222222222222222 0.829200029373169
0.555555556 0.111111111 relu 2 0.001 0.0001 1e-05 1e-05 Adadelta 0.8 0.781499981880188
0.555555556 0.111111111 relu 2 0.001 0.0001 1e-05 1e-05 Adagrad 0.0 0.878600001335144
0.555555556 0.111111111 relu 2 0.001 0.0001 1e-05 1e-05 Adagrad 0.08888888888888889 0.8610000014305115
0.555555556 0.111111111 relu 2 0.001 0.0001 1e-05 1e-05 Adagrad 0.17777777777777778 0.8568000197410583
0.555555556 0.111111111 relu 2 0.001 0.0001 1e-05 1e-05 Adagrad 0.26666666666666666 0.8616999983787537
0.555555556 0.111111111 relu 2 0.001 0.0001 1e-05 1e-05 Adagrad 0.35555555555555557 0.8511000275611877
0.555555556 0.111111111 relu 2 0.001 0.0001 1e-05 1e-05 Adagrad 0.4444444444444445 0.8443999886512756
0.555555556 0.111111111 relu 2 0.001 0.0001 1e-05 1e-05 Adagrad 0.5333333333333333 0.8169000148773193
0.555555556 0.111111111 relu 2 0.001 0.0001 1e-05 1e-05 Adagrad 0.6222222222222222 0.711899995803833
0.555555556 0.111111111 relu 2 0.001 0.0001 1e-05 1e-05 Adagrad 0.7111111111111111 0.593500018119812
0.555555556 0.111111111 relu 2 0.001 0.0001 1e-05 1e-05 Adagrad 0.8 0.38100001215934753
0.555555556 0.111111111 relu 2 0.001 0.0001 1e-05 1e-05 Adamax 0.0 0.798799991607666
0.555555556 0.111111111 relu 2 0.001 0.0001 1e-05 1e-05 Adamax 0.08888888888888889 0.8041999936103821
0.555555556 0.111111111 relu 2 0.001 0.0001 1e-05 1e-05 Adamax 0.17777777777777778 0.7958999872207642
0.555555556 0.111111111 relu 2 0.001 0.0001 1e-05 1e-05 Adamax 0.35555555555555557 0.7226999998092651
0.555555556 0.111111111 relu 2 0.001 0.0001 1e-05 1e-05 Adamax 0.26666666666666666 0.7595000267028809
0.555555556 0.111111111 relu 2 0.001 0.0001 1e-05 1e-05 Adamax 0.4444444444444445 0.7874000072479248
0.555555556 0.111111111 relu 2 0.001 0.0001 1e-05 1e-05 Adamax 0.5333333333333333 0.6086999773979187
0.555555556 0.111111111 relu 2 0.001 0.0001 1e-05 1e-05 Adamax 0.7111111111111111 0.5824000239372253
0.555555556 0.111111111 relu 2 0.001 0.0001 1e-05 1e-05 Adamax 0.6222222222222222 0.6484000086784363
0.555555556 0.111111111 relu 2 0.001 0.0001 1e-05 1e-05 Adamax 0.8 0.3880999982357025
0.555555556 0.111111111 relu 2 0.001 0.0001 1e-05 1e-05 Nadam 0.0 0.10000000149011612
0.555555556 0.111111111 relu 2 0.001 0.0001 1e-05 1e-05 Nadam 0.08888888888888889 0.10000000149011612
0.555555556 0.111111111 relu 2 0.001 0.0001 1e-05 1e-05 Nadam 0.17777777777777778 0.10000000149011612
0.555555556 0.111111111 relu 2 0.001 0.0001 1e-05 1e-05 Nadam 0.26666666666666666 0.09989999979734421
0.555555556 0.111111111 relu 2 0.001 0.0001 1e-05 1e-05 Nadam 0.35555555555555557 0.10000000149011612
0.555555556 0.111111111 relu 2 0.001 0.0001 1e-05 1e-05 Nadam 0.4444444444444445 0.10000000149011612
0.555555556 0.111111111 relu 2 0.001 0.0001 1e-05 1e-05 Nadam 0.5333333333333333 0.10000000149011612
0.555555556 0.111111111 relu 2 0.001 0.0001 1e-05 1e-05 Nadam 0.7111111111111111 0.10000000149011612
0.555555556 0.111111111 relu 2 0.001 0.0001 1e-05 1e-05 Nadam 0.6222222222222222 0.10000000149011612
0.555555556 0.111111111 relu 2 0.001 0.0001 1e-05 1e-05 Ftrl 0.08888888888888889 0.8481000065803528
0.555555556 0.111111111 relu 2 0.001 0.0001 1e-05 1e-05 Ftrl 0.0 0.8615000247955322
0.555555556 0.111111111 relu 2 0.001 0.0001 1e-05 1e-05 Nadam 0.8 0.10000000149011612
0.555555556 0.111111111 relu 2 0.001 0.0001 1e-05 1e-05 Ftrl 0.17777777777777778 0.8648999929428101
0.555555556 0.111111111 relu 2 0.001 0.0001 1e-05 1e-05 Ftrl 0.35555555555555557 0.8503999710083008
0.555555556 0.111111111 relu 2 0.001 0.0001 1e-05 1e-05 Ftrl 0.26666666666666666 0.8600999712944031
0.555555556 0.111111111 relu 2 0.001 0.0001 1e-05 1e-05 Ftrl 0.4444444444444445 0.8162999749183655
0.555555556 0.111111111 relu 2 0.001 0.0001 1e-05 1e-05 Ftrl 0.5333333333333333 0.7961999773979187
0.555555556 0.111111111 relu 2 0.001 0.0001 1e-05 1e-05 Ftrl 0.7111111111111111 0.4587000012397766
0.555555556 0.111111111 relu 2 0.001 0.0001 1e-05 1e-05 Ftrl 0.6222222222222222 0.6550999879837036
0.555555556 0.111111111 relu 3 0.0001 1e-05 1e-05 1e-05 sgd 0.0 0.8718000054359436
0.555555556 0.111111111 relu 2 0.001 0.0001 1e-05 1e-05 Ftrl 0.8 0.3499000072479248
0.555555556 0.111111111 relu 3 0.0001 1e-05 1e-05 1e-05 sgd 0.08888888888888889 0.8715999722480774
0.555555556 0.111111111 relu 3 0.0001 1e-05 1e-05 1e-05 sgd 0.17777777777777778 0.8619999885559082
0.555555556 0.111111111 relu 3 0.0001 1e-05 1e-05 1e-05 sgd 0.35555555555555557 0.8622000217437744
0.555555556 0.111111111 relu 3 0.0001 1e-05 1e-05 1e-05 sgd 0.26666666666666666 0.8644000291824341
0.555555556 0.111111111 relu 3 0.0001 1e-05 1e-05 1e-05 sgd 0.4444444444444445 0.847100019454956
0.555555556 0.111111111 relu 3 0.0001 1e-05 1e-05 1e-05 sgd 0.6222222222222222 0.7918999791145325
0.555555556 0.111111111 relu 3 0.0001 1e-05 1e-05 1e-05 sgd 0.5333333333333333 0.8176000118255615
0.555555556 0.111111111 relu 3 0.0001 1e-05 1e-05 1e-05 sgd 0.7111111111111111 0.6452999711036682
0.555555556 0.111111111 relu 3 0.0001 1e-05 1e-05 1e-05 sgd 0.8 0.453900009393692
0.555555556 0.111111111 relu 3 0.0001 1e-05 1e-05 1e-05 Adam 0.08888888888888889 0.10000000149011612
0.555555556 0.111111111 relu 3 0.0001 1e-05 1e-05 1e-05 Adam 0.0 0.10000000149011612
0.555555556 0.111111111 relu 3 0.0001 1e-05 1e-05 1e-05 Adam 0.26666666666666666 0.10000000149011612
0.555555556 0.111111111 relu 3 0.0001 1e-05 1e-05 1e-05 Adam 0.17777777777777778 0.10000000149011612
0.555555556 0.111111111 relu 3 0.0001 1e-05 1e-05 1e-05 Adam 0.35555555555555557 0.10000000149011612
0.555555556 0.111111111 relu 3 0.0001 1e-05 1e-05 1e-05 Adam 0.4444444444444445 0.10000000149011612
0.555555556 0.111111111 relu 3 0.0001 1e-05 1e-05 1e-05 Adam 0.5333333333333333 0.10000000149011612
0.555555556 0.111111111 relu 3 0.0001 1e-05 1e-05 1e-05 Adam 0.6222222222222222 0.10000000149011612
0.555555556 0.111111111 relu 3 0.0001 1e-05 1e-05 1e-05 Adam 0.7111111111111111 0.10000000149011612
0.555555556 0.111111111 relu 3 0.0001 1e-05 1e-05 1e-05 Adam 0.8 0.10000000149011612
0.555555556 0.111111111 relu 3 0.0001 1e-05 1e-05 1e-05 RMSprop 0.08888888888888889 0.13680000603199005
0.555555556 0.111111111 relu 3 0.0001 1e-05 1e-05 1e-05 RMSprop 0.0 0.09889999777078629
0.555555556 0.111111111 relu 3 0.0001 1e-05 1e-05 1e-05 RMSprop 0.17777777777777778 0.10000000149011612
0.555555556 0.111111111 relu 3 0.0001 1e-05 1e-05 1e-05 RMSprop 0.26666666666666666 0.10000000149011612
0.555555556 0.111111111 relu 3 0.0001 1e-05 1e-05 1e-05 RMSprop 0.35555555555555557 0.10000000149011612
0.555555556 0.111111111 relu 3 0.0001 1e-05 1e-05 1e-05 RMSprop 0.4444444444444445 0.10899999737739563
0.555555556 0.111111111 relu 3 0.0001 1e-05 1e-05 1e-05 RMSprop 0.6222222222222222 0.10010000318288803
0.555555556 0.111111111 relu 3 0.0001 1e-05 1e-05 1e-05 RMSprop 0.5333333333333333 0.10000000149011612
0.555555556 0.111111111 relu 3 0.0001 1e-05 1e-05 1e-05 RMSprop 0.7111111111111111 0.10000000149011612
0.555555556 0.111111111 relu 3 0.0001 1e-05 1e-05 1e-05 RMSprop 0.8 0.10000000149011612
0.555555556 0.111111111 relu 3 0.0001 1e-05 1e-05 1e-05 Adadelta 0.08888888888888889 0.8555999994277954
0.555555556 0.111111111 relu 3 0.0001 1e-05 1e-05 1e-05 Adadelta 0.0 0.8553000092506409
0.555555556 0.111111111 relu 3 0.0001 1e-05 1e-05 1e-05 Adadelta 0.17777777777777778 0.852400004863739
0.555555556 0.111111111 relu 3 0.0001 1e-05 1e-05 1e-05 Adadelta 0.26666666666666666 0.852400004863739
0.555555556 0.111111111 relu 3 0.0001 1e-05 1e-05 1e-05 Adadelta 0.35555555555555557 0.8460999727249146
0.555555556 0.111111111 relu 3 0.0001 1e-05 1e-05 1e-05 Adadelta 0.4444444444444445 0.8461999893188477
0.555555556 0.111111111 relu 3 0.0001 1e-05 1e-05 1e-05 Adadelta 0.6222222222222222 0.824400007724762
0.555555556 0.111111111 relu 3 0.0001 1e-05 1e-05 1e-05 Adadelta 0.5333333333333333 0.8381999731063843
0.555555556 0.111111111 relu 3 0.0001 1e-05 1e-05 1e-05 Adadelta 0.7111111111111111 0.8112999796867371
0.555555556 0.111111111 relu 3 0.0001 1e-05 1e-05 1e-05 Adadelta 0.8 0.7669000029563904
0.555555556 0.111111111 relu 3 0.0001 1e-05 1e-05 1e-05 Adagrad 0.0 0.8738999962806702
0.555555556 0.111111111 relu 3 0.0001 1e-05 1e-05 1e-05 Adagrad 0.08888888888888889 0.8700000047683716
0.555555556 0.111111111 relu 3 0.0001 1e-05 1e-05 1e-05 Adagrad 0.17777777777777778 0.8636999726295471
0.555555556 0.111111111 relu 3 0.0001 1e-05 1e-05 1e-05 Adagrad 0.26666666666666666 0.8495000004768372
0.555555556 0.111111111 relu 3 0.0001 1e-05 1e-05 1e-05 Adagrad 0.35555555555555557 0.852400004863739
0.555555556 0.111111111 relu 3 0.0001 1e-05 1e-05 1e-05 Adagrad 0.4444444444444445 0.857699990272522
0.555555556 0.111111111 relu 3 0.0001 1e-05 1e-05 1e-05 Adagrad 0.5333333333333333 0.8181999921798706
0.555555556 0.111111111 relu 3 0.0001 1e-05 1e-05 1e-05 Adagrad 0.7111111111111111 0.5605000257492065
0.555555556 0.111111111 relu 3 0.0001 1e-05 1e-05 1e-05 Adagrad 0.6222222222222222 0.6757000088691711
0.555555556 0.111111111 relu 3 0.0001 1e-05 1e-05 1e-05 Adagrad 0.8 0.4571000039577484
0.555555556 0.111111111 relu 3 0.0001 1e-05 1e-05 1e-05 Adamax 0.0 0.8180999755859375
0.555555556 0.111111111 relu 3 0.0001 1e-05 1e-05 1e-05 Adamax 0.08888888888888889 0.817799985408783
0.555555556 0.111111111 relu 3 0.0001 1e-05 1e-05 1e-05 Adamax 0.17777777777777778 0.807699978351593
0.555555556 0.111111111 relu 3 0.0001 1e-05 1e-05 1e-05 Adamax 0.26666666666666666 0.8057000041007996
0.555555556 0.111111111 relu 3 0.0001 1e-05 1e-05 1e-05 Adamax 0.35555555555555557 0.7670999765396118
0.555555556 0.111111111 relu 3 0.0001 1e-05 1e-05 1e-05 Adamax 0.4444444444444445 0.6539000272750854
0.555555556 0.111111111 relu 3 0.0001 1e-05 1e-05 1e-05 Adamax 0.5333333333333333 0.5920000076293945
0.555555556 0.111111111 relu 3 0.0001 1e-05 1e-05 1e-05 Adamax 0.6222222222222222 0.5371000170707703
0.555555556 0.111111111 relu 3 0.0001 1e-05 1e-05 1e-05 Adamax 0.7111111111111111 0.4957999885082245
0.555555556 0.111111111 relu 3 0.0001 1e-05 1e-05 1e-05 Adamax 0.8 0.3580999970436096
0.555555556 0.111111111 relu 3 0.0001 1e-05 1e-05 1e-05 Nadam 0.0 0.10000000149011612
0.555555556 0.111111111 relu 3 0.0001 1e-05 1e-05 1e-05 Nadam 0.08888888888888889 0.10000000149011612
0.555555556 0.111111111 relu 3 0.0001 1e-05 1e-05 1e-05 Nadam 0.17777777777777778 0.10000000149011612
0.555555556 0.111111111 relu 3 0.0001 1e-05 1e-05 1e-05 Nadam 0.26666666666666666 0.10000000149011612
0.555555556 0.111111111 relu 3 0.0001 1e-05 1e-05 1e-05 Nadam 0.35555555555555557 0.10000000149011612
0.555555556 0.111111111 relu 3 0.0001 1e-05 1e-05 1e-05 Nadam 0.4444444444444445 0.10000000149011612
0.555555556 0.111111111 relu 3 0.0001 1e-05 1e-05 1e-05 Nadam 0.5333333333333333 0.10000000149011612
0.555555556 0.111111111 relu 3 0.0001 1e-05 1e-05 1e-05 Nadam 0.7111111111111111 0.10000000149011612
0.555555556 0.111111111 relu 3 0.0001 1e-05 1e-05 1e-05 Nadam 0.6222222222222222 0.10000000149011612
0.555555556 0.111111111 relu 3 0.0001 1e-05 1e-05 1e-05 Ftrl 0.08888888888888889 0.10000000149011612
0.555555556 0.111111111 relu 3 0.0001 1e-05 1e-05 1e-05 Nadam 0.8 0.10000000149011612
0.555555556 0.111111111 relu 3 0.0001 1e-05 1e-05 1e-05 Ftrl 0.0 0.10000000149011612
0.555555556 0.111111111 relu 3 0.0001 1e-05 1e-05 1e-05 Ftrl 0.17777777777777778 0.10000000149011612
0.555555556 0.111111111 relu 3 0.0001 1e-05 1e-05 1e-05 Ftrl 0.26666666666666666 0.10000000149011612
0.555555556 0.111111111 relu 3 0.0001 1e-05 1e-05 1e-05 Ftrl 0.35555555555555557 0.7724000215530396
0.555555556 0.111111111 relu 3 0.0001 1e-05 1e-05 1e-05 Ftrl 0.4444444444444445 0.10000000149011612
0.555555556 0.111111111 relu 3 0.0001 1e-05 1e-05 1e-05 Ftrl 0.5333333333333333 0.10000000149011612
0.555555556 0.111111111 relu 3 0.0001 1e-05 1e-05 1e-05 Ftrl 0.6222222222222222 0.10000000149011612
0.555555556 0.111111111 relu 3 0.0001 1e-05 1e-05 1e-05 Ftrl 0.7111111111111111 0.4968000054359436
0 0.333333333 tanh 2 0.001 0.0001 1e-05 1e-05 sgd 0.0 0.8457000255584717
0 0.333333333 tanh 2 0.001 0.0001 1e-05 1e-05 sgd 0.08888888888888889 0.8619999885559082
0.555555556 0.111111111 relu 3 0.0001 1e-05 1e-05 1e-05 Ftrl 0.8 0.10000000149011612
0 0.333333333 tanh 2 0.001 0.0001 1e-05 1e-05 sgd 0.17777777777777778 0.8514000177383423
0 0.333333333 tanh 2 0.001 0.0001 1e-05 1e-05 sgd 0.26666666666666666 0.8682000041007996
0 0.333333333 tanh 2 0.001 0.0001 1e-05 1e-05 sgd 0.35555555555555557 0.8672999739646912
0 0.333333333 tanh 2 0.001 0.0001 1e-05 1e-05 sgd 0.4444444444444445 0.8443999886512756
0 0.333333333 tanh 2 0.001 0.0001 1e-05 1e-05 sgd 0.5333333333333333 0.8496000170707703
0 0.333333333 tanh 2 0.001 0.0001 1e-05 1e-05 sgd 0.6222222222222222 0.8418999910354614
0 0.333333333 tanh 2 0.001 0.0001 1e-05 1e-05 sgd 0.8 0.8345000147819519
0 0.333333333 tanh 2 0.001 0.0001 1e-05 1e-05 sgd 0.7111111111111111 0.8464999794960022
0 0.333333333 tanh 2 0.001 0.0001 1e-05 1e-05 Adam 0.08888888888888889 0.10000000149011612
0 0.333333333 tanh 2 0.001 0.0001 1e-05 1e-05 Adam 0.0 0.10000000149011612
0 0.333333333 tanh 2 0.001 0.0001 1e-05 1e-05 Adam 0.17777777777777778 0.19920000433921814
0 0.333333333 tanh 2 0.001 0.0001 1e-05 1e-05 Adam 0.26666666666666666 0.19979999959468842
0 0.333333333 tanh 2 0.001 0.0001 1e-05 1e-05 Adam 0.35555555555555557 0.10000000149011612
0 0.333333333 tanh 2 0.001 0.0001 1e-05 1e-05 Adam 0.4444444444444445 0.10000000149011612
0 0.333333333 tanh 2 0.001 0.0001 1e-05 1e-05 Adam 0.5333333333333333 0.10000000149011612
0 0.333333333 tanh 2 0.001 0.0001 1e-05 1e-05 Adam 0.6222222222222222 0.13760000467300415
0 0.333333333 tanh 2 0.001 0.0001 1e-05 1e-05 Adam 0.7111111111111111 0.11289999634027481
0 0.333333333 tanh 2 0.001 0.0001 1e-05 1e-05 Adam 0.8 0.10000000149011612
0 0.333333333 tanh 2 0.001 0.0001 1e-05 1e-05 RMSprop 0.0 0.10000000149011612
0 0.333333333 tanh 2 0.001 0.0001 1e-05 1e-05 RMSprop 0.08888888888888889 0.10000000149011612
0 0.333333333 tanh 2 0.001 0.0001 1e-05 1e-05 RMSprop 0.17777777777777778 0.19850000739097595
0 0.333333333 tanh 2 0.001 0.0001 1e-05 1e-05 RMSprop 0.26666666666666666 0.10000000149011612
0 0.333333333 tanh 2 0.001 0.0001 1e-05 1e-05 RMSprop 0.35555555555555557 0.21150000393390656
0 0.333333333 tanh 2 0.001 0.0001 1e-05 1e-05 RMSprop 0.4444444444444445 0.19750000536441803
0 0.333333333 tanh 2 0.001 0.0001 1e-05 1e-05 RMSprop 0.5333333333333333 0.10100000351667404
0 0.333333333 tanh 2 0.001 0.0001 1e-05 1e-05 RMSprop 0.6222222222222222 0.14720000326633453
0 0.333333333 tanh 2 0.001 0.0001 1e-05 1e-05 RMSprop 0.8 0.10199999809265137
0 0.333333333 tanh 2 0.001 0.0001 1e-05 1e-05 RMSprop 0.7111111111111111 0.2475000023841858
0 0.333333333 tanh 2 0.001 0.0001 1e-05 1e-05 Adadelta 0.0 0.8608999848365784
0 0.333333333 tanh 2 0.001 0.0001 1e-05 1e-05 Adadelta 0.08888888888888889 0.8644999861717224
0 0.333333333 tanh 2 0.001 0.0001 1e-05 1e-05 Adadelta 0.17777777777777778 0.8572999835014343
0 0.333333333 tanh 2 0.001 0.0001 1e-05 1e-05 Adadelta 0.26666666666666666 0.8503999710083008
0 0.333333333 tanh 2 0.001 0.0001 1e-05 1e-05 Adadelta 0.35555555555555557 0.8526999950408936
0 0.333333333 tanh 2 0.001 0.0001 1e-05 1e-05 Adadelta 0.4444444444444445 0.8531000018119812
0 0.333333333 tanh 2 0.001 0.0001 1e-05 1e-05 Adadelta 0.5333333333333333 0.8513000011444092
0 0.333333333 tanh 2 0.001 0.0001 1e-05 1e-05 Adadelta 0.6222222222222222 0.8479999899864197
0 0.333333333 tanh 2 0.001 0.0001 1e-05 1e-05 Adadelta 0.7111111111111111 0.8374000191688538
0 0.333333333 tanh 2 0.001 0.0001 1e-05 1e-05 Adadelta 0.8 0.8349000215530396
0 0.333333333 tanh 2 0.001 0.0001 1e-05 1e-05 Adagrad 0.0 0.8634999990463257
0 0.333333333 tanh 2 0.001 0.0001 1e-05 1e-05 Adagrad 0.08888888888888889 0.8680999875068665
0 0.333333333 tanh 2 0.001 0.0001 1e-05 1e-05 Adagrad 0.17777777777777778 0.8672999739646912
0 0.333333333 tanh 2 0.001 0.0001 1e-05 1e-05 Adagrad 0.26666666666666666 0.8528000116348267
0 0.333333333 tanh 2 0.001 0.0001 1e-05 1e-05 Adagrad 0.35555555555555557 0.847000002861023
0 0.333333333 tanh 2 0.001 0.0001 1e-05 1e-05 Adagrad 0.4444444444444445 0.8546000123023987
0 0.333333333 tanh 2 0.001 0.0001 1e-05 1e-05 Adagrad 0.5333333333333333 0.8460999727249146
0 0.333333333 tanh 2 0.001 0.0001 1e-05 1e-05 Adagrad 0.6222222222222222 0.8436999917030334
0 0.333333333 tanh 2 0.001 0.0001 1e-05 1e-05 Adagrad 0.8 0.822700023651123
0 0.333333333 tanh 2 0.001 0.0001 1e-05 1e-05 Adagrad 0.7111111111111111 0.8367999792098999
0 0.333333333 tanh 2 0.001 0.0001 1e-05 1e-05 Adamax 0.0 0.671999990940094
0 0.333333333 tanh 2 0.001 0.0001 1e-05 1e-05 Adamax 0.08888888888888889 0.6621000170707703
0 0.333333333 tanh 2 0.001 0.0001 1e-05 1e-05 Adamax 0.17777777777777778 0.6632999777793884
0 0.333333333 tanh 2 0.001 0.0001 1e-05 1e-05 Adamax 0.26666666666666666 0.6111000180244446
0 0.333333333 tanh 2 0.001 0.0001 1e-05 1e-05 Adamax 0.35555555555555557 0.6025999784469604
0 0.333333333 tanh 2 0.001 0.0001 1e-05 1e-05 Adamax 0.4444444444444445 0.5400000214576721
0 0.333333333 tanh 2 0.001 0.0001 1e-05 1e-05 Adamax 0.5333333333333333 0.6222000122070312
0 0.333333333 tanh 2 0.001 0.0001 1e-05 1e-05 Adamax 0.6222222222222222 0.49709999561309814
0 0.333333333 tanh 2 0.001 0.0001 1e-05 1e-05 Adamax 0.8 0.3529999852180481
0 0.333333333 tanh 2 0.001 0.0001 1e-05 1e-05 Adamax 0.7111111111111111 0.5123000144958496
0 0.333333333 tanh 2 0.001 0.0001 1e-05 1e-05 Nadam 0.0 0.10000000149011612
0 0.333333333 tanh 2 0.001 0.0001 1e-05 1e-05 Nadam 0.08888888888888889 0.10000000149011612
0 0.333333333 tanh 2 0.001 0.0001 1e-05 1e-05 Nadam 0.17777777777777778 0.10000000149011612
0 0.333333333 tanh 2 0.001 0.0001 1e-05 1e-05 Nadam 0.26666666666666666 0.10000000149011612
0 0.333333333 tanh 2 0.001 0.0001 1e-05 1e-05 Nadam 0.35555555555555557 0.10000000149011612
0 0.333333333 tanh 2 0.001 0.0001 1e-05 1e-05 Nadam 0.5333333333333333 0.1868000030517578
0 0.333333333 tanh 2 0.001 0.0001 1e-05 1e-05 Nadam 0.4444444444444445 0.10010000318288803
0 0.333333333 tanh 2 0.001 0.0001 1e-05 1e-05 Nadam 0.6222222222222222 0.18250000476837158
0 0.333333333 tanh 2 0.001 0.0001 1e-05 1e-05 Nadam 0.7111111111111111 0.20090000331401825
0 0.333333333 tanh 2 0.001 0.0001 1e-05 1e-05 Nadam 0.8 0.11169999837875366
0 0.333333333 tanh 2 0.001 0.0001 1e-05 1e-05 Ftrl 0.0 0.8529000282287598
0 0.333333333 tanh 2 0.001 0.0001 1e-05 1e-05 Ftrl 0.08888888888888889 0.869700014591217
0 0.333333333 tanh 2 0.001 0.0001 1e-05 1e-05 Ftrl 0.17777777777777778 0.847000002861023
0 0.333333333 tanh 2 0.001 0.0001 1e-05 1e-05 Ftrl 0.26666666666666666 0.8507999777793884
0 0.333333333 tanh 2 0.001 0.0001 1e-05 1e-05 Ftrl 0.4444444444444445 0.8551999926567078
0 0.333333333 tanh 2 0.001 0.0001 1e-05 1e-05 Ftrl 0.35555555555555557 0.8626000285148621
0 0.333333333 tanh 2 0.001 0.0001 1e-05 1e-05 Ftrl 0.5333333333333333 0.8406000137329102
0 0.333333333 tanh 2 0.001 0.0001 1e-05 1e-05 Ftrl 0.6222222222222222 0.8277999758720398
0 0.333333333 tanh 2 0.001 0.0001 1e-05 1e-05 Ftrl 0.7111111111111111 0.824999988079071
0 0.333333333 tanh 2 0.001 0.0001 1e-05 1e-05 Ftrl 0.8 0.8134999871253967
killed