0.555555555555555 0.111111111111111 tanh 2 0.0001 1e-05 1e-05 1e-05 sgd 0.0 0.8693000078201294
0.555555555555555 0.111111111111111 tanh 2 0.0001 1e-05 1e-05 1e-05 sgd 0.17777777777777778 0.864799976348877
0.555555555555555 0.111111111111111 tanh 2 0.0001 1e-05 1e-05 1e-05 sgd 0.5333333333333333 0.843500018119812
0.555555555555555 0.111111111111111 tanh 2 0.0001 1e-05 1e-05 1e-05 sgd 0.6222222222222222 0.8439000248908997
0.555555555555555 0.111111111111111 tanh 2 0.0001 1e-05 1e-05 1e-05 sgd 0.7111111111111111 0.8442999720573425
0.555555555555555 0.111111111111111 tanh 2 0.0001 1e-05 1e-05 1e-05 sgd 0.8 0.833899974822998
0.555555555555555 0.111111111111111 tanh 2 0.0001 1e-05 1e-05 1e-05 sgd 0.26666666666666666 0.8633000254631042
0.555555555555555 0.111111111111111 tanh 2 0.0001 1e-05 1e-05 1e-05 sgd 0.4444444444444445 0.8586999773979187
0.555555555555555 0.111111111111111 tanh 2 0.0001 1e-05 1e-05 1e-05 sgd 0.08888888888888889 0.863099992275238
0.555555555555555 0.111111111111111 tanh 2 0.0001 1e-05 1e-05 1e-05 sgd 0.35555555555555557 0.8579999804496765
0.555555555555555 0.111111111111111 tanh 2 0.0001 1e-05 1e-05 1e-05 Adam 0.08888888888888889 0.2581000030040741
0.555555555555555 0.111111111111111 tanh 2 0.0001 1e-05 1e-05 1e-05 Adam 0.0 0.19709999859333038
0.555555555555555 0.111111111111111 tanh 2 0.0001 1e-05 1e-05 1e-05 Adam 0.17777777777777778 0.3790000081062317
0.555555555555555 0.111111111111111 tanh 2 0.0001 1e-05 1e-05 1e-05 Adam 0.26666666666666666 0.24390000104904175
0.555555555555555 0.111111111111111 tanh 2 0.0001 1e-05 1e-05 1e-05 Adam 0.5333333333333333 0.26750001311302185
0.555555555555555 0.111111111111111 tanh 2 0.0001 1e-05 1e-05 1e-05 Adam 0.4444444444444445 0.33550000190734863
0.555555555555555 0.111111111111111 tanh 2 0.0001 1e-05 1e-05 1e-05 Adam 0.35555555555555557 0.28529998660087585
0.555555555555555 0.111111111111111 tanh 2 0.0001 1e-05 1e-05 1e-05 Adam 0.7111111111111111 0.26809999346733093
0.555555555555555 0.111111111111111 tanh 2 0.0001 1e-05 1e-05 1e-05 Adam 0.6222222222222222 0.26109999418258667
0.555555555555555 0.111111111111111 tanh 2 0.0001 1e-05 1e-05 1e-05 Adam 0.8 0.17679999768733978
0.555555555555555 0.111111111111111 tanh 2 0.0001 1e-05 1e-05 1e-05 RMSprop 0.08888888888888889 0.2084999978542328
0.555555555555555 0.111111111111111 tanh 2 0.0001 1e-05 1e-05 1e-05 RMSprop 0.17777777777777778 0.25290000438690186
0.555555555555555 0.111111111111111 tanh 2 0.0001 1e-05 1e-05 1e-05 RMSprop 0.0 0.2362000048160553
0.555555555555555 0.111111111111111 tanh 2 0.0001 1e-05 1e-05 1e-05 RMSprop 0.35555555555555557 0.27720001339912415
0.555555555555555 0.111111111111111 tanh 2 0.0001 1e-05 1e-05 1e-05 RMSprop 0.26666666666666666 0.10000000149011612
0.555555555555555 0.111111111111111 tanh 2 0.0001 1e-05 1e-05 1e-05 RMSprop 0.4444444444444445 0.18029999732971191
0.555555555555555 0.111111111111111 tanh 2 0.0001 1e-05 1e-05 1e-05 RMSprop 0.5333333333333333 0.29600000381469727
0.555555555555555 0.111111111111111 tanh 2 0.0001 1e-05 1e-05 1e-05 RMSprop 0.6222222222222222 0.19869999587535858
0.555555555555555 0.111111111111111 tanh 2 0.0001 1e-05 1e-05 1e-05 RMSprop 0.7111111111111111 0.20520000159740448
0.555555555555555 0.111111111111111 tanh 2 0.0001 1e-05 1e-05 1e-05 RMSprop 0.8 0.1712000072002411
0.555555555555555 0.111111111111111 tanh 2 0.0001 1e-05 1e-05 1e-05 Adadelta 0.4444444444444445 0.840499997138977
0.555555555555555 0.111111111111111 tanh 2 0.0001 1e-05 1e-05 1e-05 Adadelta 0.26666666666666666 0.8464999794960022
0.555555555555555 0.111111111111111 tanh 2 0.0001 1e-05 1e-05 1e-05 Adadelta 0.08888888888888889 0.8510000109672546
0.555555555555555 0.111111111111111 tanh 2 0.0001 1e-05 1e-05 1e-05 Adadelta 0.0 0.8547999858856201
0.555555555555555 0.111111111111111 tanh 2 0.0001 1e-05 1e-05 1e-05 Adadelta 0.35555555555555557 0.8450000286102295
0.555555555555555 0.111111111111111 tanh 2 0.0001 1e-05 1e-05 1e-05 Adadelta 0.17777777777777778 0.8472999930381775
0.555555555555555 0.111111111111111 tanh 2 0.0001 1e-05 1e-05 1e-05 Adadelta 0.5333333333333333 0.8364999890327454
0.555555555555555 0.111111111111111 tanh 2 0.0001 1e-05 1e-05 1e-05 Adadelta 0.6222222222222222 0.8342000246047974
0.555555555555555 0.111111111111111 tanh 2 0.0001 1e-05 1e-05 1e-05 Adadelta 0.7111111111111111 0.8288000226020813
0.555555555555555 0.111111111111111 tanh 2 0.0001 1e-05 1e-05 1e-05 Adadelta 0.8 0.8188999891281128
0.555555555555555 0.111111111111111 tanh 2 0.0001 1e-05 1e-05 1e-05 Adagrad 0.0 0.8514000177383423
0.555555555555555 0.111111111111111 tanh 2 0.0001 1e-05 1e-05 1e-05 Adagrad 0.08888888888888889 0.8687999844551086
0.555555555555555 0.111111111111111 tanh 2 0.0001 1e-05 1e-05 1e-05 Adagrad 0.26666666666666666 0.8619999885559082
0.555555555555555 0.111111111111111 tanh 2 0.0001 1e-05 1e-05 1e-05 Adagrad 0.17777777777777778 0.8687000274658203
0.555555555555555 0.111111111111111 tanh 2 0.0001 1e-05 1e-05 1e-05 Adagrad 0.4444444444444445 0.8601999878883362
0.555555555555555 0.111111111111111 tanh 2 0.0001 1e-05 1e-05 1e-05 Adagrad 0.35555555555555557 0.8579000234603882
0.555555555555555 0.111111111111111 tanh 2 0.0001 1e-05 1e-05 1e-05 Adagrad 0.5333333333333333 0.853600025177002
0.555555555555555 0.111111111111111 tanh 2 0.0001 1e-05 1e-05 1e-05 Adagrad 0.7111111111111111 0.8465999960899353
0.555555555555555 0.111111111111111 tanh 2 0.0001 1e-05 1e-05 1e-05 Adagrad 0.6222222222222222 0.8497999906539917
0.555555555555555 0.111111111111111 tanh 2 0.0001 1e-05 1e-05 1e-05 Adagrad 0.8 0.8396999835968018
0.555555555555555 0.111111111111111 tanh 2 0.0001 1e-05 1e-05 1e-05 Adamax 0.08888888888888889 0.7616999745368958
0.555555555555555 0.111111111111111 tanh 2 0.0001 1e-05 1e-05 1e-05 Adamax 0.0 0.7803999781608582
0.555555555555555 0.111111111111111 tanh 2 0.0001 1e-05 1e-05 1e-05 Adamax 0.17777777777777778 0.7487999796867371
0.555555555555555 0.111111111111111 tanh 2 0.0001 1e-05 1e-05 1e-05 Adamax 0.26666666666666666 0.7473000288009644
0.555555555555555 0.111111111111111 tanh 2 0.0001 1e-05 1e-05 1e-05 Adamax 0.4444444444444445 0.7754999995231628
0.555555555555555 0.111111111111111 tanh 2 0.0001 1e-05 1e-05 1e-05 Adamax 0.35555555555555557 0.7752000093460083
0.555555555555555 0.111111111111111 tanh 2 0.0001 1e-05 1e-05 1e-05 Adamax 0.5333333333333333 0.7197999954223633
0.555555555555555 0.111111111111111 tanh 2 0.0001 1e-05 1e-05 1e-05 Adamax 0.6222222222222222 0.7120000123977661
0.555555555555555 0.111111111111111 tanh 2 0.0001 1e-05 1e-05 1e-05 Adamax 0.7111111111111111 0.7077999711036682
0.555555555555555 0.111111111111111 tanh 2 0.0001 1e-05 1e-05 1e-05 Adamax 0.8 0.6523000001907349
0.555555555555555 0.111111111111111 tanh 2 0.0001 1e-05 1e-05 1e-05 Nadam 0.0 0.10000000149011612
0.555555555555555 0.111111111111111 tanh 2 0.0001 1e-05 1e-05 1e-05 Nadam 0.08888888888888889 0.19910000264644623
0.555555555555555 0.111111111111111 tanh 2 0.0001 1e-05 1e-05 1e-05 Nadam 0.17777777777777778 0.19930000603199005
0.555555555555555 0.111111111111111 tanh 2 0.0001 1e-05 1e-05 1e-05 Nadam 0.35555555555555557 0.30809998512268066
0.555555555555555 0.111111111111111 tanh 2 0.0001 1e-05 1e-05 1e-05 Nadam 0.26666666666666666 0.19920000433921814
0.555555555555555 0.111111111111111 tanh 2 0.0001 1e-05 1e-05 1e-05 Nadam 0.4444444444444445 0.26420000195503235
0.555555555555555 0.111111111111111 tanh 2 0.0001 1e-05 1e-05 1e-05 Nadam 0.5333333333333333 0.475600004196167
0.555555555555555 0.111111111111111 tanh 2 0.0001 1e-05 1e-05 1e-05 Nadam 0.7111111111111111 0.19670000672340393
0.555555555555555 0.111111111111111 tanh 2 0.0001 1e-05 1e-05 1e-05 Nadam 0.6222222222222222 0.19979999959468842
0.555555555555555 0.111111111111111 tanh 2 0.0001 1e-05 1e-05 1e-05 Nadam 0.8 0.11739999800920486
0.555555555555555 0.111111111111111 tanh 2 0.0001 1e-05 1e-05 1e-05 Ftrl 0.17777777777777778 0.852400004863739
0.555555555555555 0.111111111111111 tanh 2 0.0001 1e-05 1e-05 1e-05 Ftrl 0.08888888888888889 0.8636999726295471
0.555555555555555 0.111111111111111 tanh 2 0.0001 1e-05 1e-05 1e-05 Ftrl 0.0 0.8729000091552734
0.555555555555555 0.111111111111111 tanh 2 0.0001 1e-05 1e-05 1e-05 Ftrl 0.26666666666666666 0.8568999767303467
0.555555555555555 0.111111111111111 tanh 2 0.0001 1e-05 1e-05 1e-05 Ftrl 0.35555555555555557 0.8597000241279602
0.555555555555555 0.111111111111111 tanh 2 0.0001 1e-05 1e-05 1e-05 Ftrl 0.4444444444444445 0.8564000129699707
0.555555555555555 0.111111111111111 tanh 2 0.0001 1e-05 1e-05 1e-05 Ftrl 0.5333333333333333 0.845300018787384
0.555555555555555 0.111111111111111 tanh 2 0.0001 1e-05 1e-05 1e-05 Ftrl 0.6222222222222222 0.8438000082969666
0.555555555555555 0.111111111111111 tanh 2 0.0001 1e-05 1e-05 1e-05 Ftrl 0.7111111111111111 0.8378000259399414
0.555555555555555 0.111111111111111 tanh 2 0.0001 1e-05 1e-05 1e-05 Ftrl 0.8 0.8364999890327454
killed