0.555555556 0.111111111 tanh 2 1e-05 0.0001 1e-05 1e-05 0.8729000091552734
0.555555556 0.111111111 tanh 2 1e-05 1e-05 1e-05 1e-05 0.8773999810218811
0.555555556 0.111111111 tanh 2 1e-05 1e-05 0.0001 0.001 0.8458999991416931
0.555555556 0.111111111 tanh 2 1e-05 1e-05 1e-05 0.0001 0.8723999857902527
0.555555556 0.111111111 tanh 2 1e-05 1e-05 0.0001 1e-05 0.8636999726295471
0.555555556 0.111111111 tanh 2 1e-05 1e-05 1e-05 0.001 0.8464999794960022
0.555555556 0.111111111 tanh 2 1e-05 1e-05 0.0001 0.0001 0.8526999950408936
0.555555556 0.111111111 tanh 2 1e-05 1e-05 0.001 1e-05 0.8209999799728394
0.555555556 0.111111111 tanh 2 1e-05 1e-05 0.001 0.001 0.7307999730110168
0.555555556 0.111111111 tanh 2 1e-05 1e-05 0.001 0.0001 0.7850000262260437
0.555555556 0.111111111 tanh 2 1e-05 0.0001 1e-05 0.0001 0.8694000244140625
0.555555556 0.111111111 tanh 2 1e-05 0.0001 0.0001 0.0001 0.8500000238418579
0.555555556 0.111111111 tanh 2 1e-05 0.0001 1e-05 0.001 0.84579998254776
0.555555556 0.111111111 tanh 2 1e-05 0.0001 0.0001 1e-05 0.8560000061988831
0.555555556 0.111111111 tanh 2 1e-05 0.0001 0.0001 0.001 0.843500018119812
0.555555556 0.111111111 tanh 2 1e-05 0.0001 0.001 1e-05 0.8119000196456909
0.555555556 0.111111111 tanh 2 1e-05 0.0001 0.001 0.001 0.791700005531311
0.555555556 0.111111111 tanh 2 1e-05 0.0001 0.001 0.0001 0.8260999917984009
0.555555556 0.111111111 tanh 2 1e-05 0.001 1e-05 1e-05 0.8691999912261963
0.555555556 0.111111111 tanh 2 1e-05 0.001 1e-05 0.0001 0.8676999807357788
0.555555556 0.111111111 tanh 2 1e-05 0.001 1e-05 0.001 0.8476999998092651
0.555555556 0.111111111 tanh 2 1e-05 0.001 0.0001 1e-05 0.857200026512146
0.555555556 0.111111111 tanh 2 1e-05 0.001 0.0001 0.001 0.8493000268936157
0.555555556 0.111111111 tanh 2 1e-05 0.001 0.0001 0.0001 0.8626000285148621
0.555555556 0.111111111 tanh 2 1e-05 0.001 0.001 1e-05 0.8108999729156494
0.555555556 0.111111111 tanh 2 1e-05 0.001 0.001 0.001 0.7774999737739563
0.555555556 0.111111111 tanh 2 0.0001 1e-05 1e-05 0.0001 0.8705999851226807
0.555555556 0.111111111 tanh 2 1e-05 0.001 0.001 0.0001 0.7738000154495239
0.555555556 0.111111111 tanh 2 0.0001 1e-05 1e-05 1e-05 0.8769999742507935
0.555555556 0.111111111 tanh 2 0.0001 1e-05 1e-05 0.001 0.8446000218391418
0.555555556 0.111111111 tanh 2 0.0001 1e-05 0.0001 0.001 0.823199987411499
0.555555556 0.111111111 tanh 2 0.0001 1e-05 0.0001 1e-05 0.867900013923645
0.555555556 0.111111111 tanh 2 0.0001 1e-05 0.0001 0.0001 0.858299970626831
0.555555556 0.111111111 tanh 2 0.0001 1e-05 0.001 1e-05 0.7886000275611877
0.555555556 0.111111111 tanh 2 0.0001 1e-05 0.001 0.0001 0.8173999786376953
0.555555556 0.111111111 tanh 2 0.0001 1e-05 0.001 0.001 0.7749999761581421
0.555555556 0.111111111 tanh 2 0.0001 0.0001 1e-05 1e-05 0.8698999881744385
0.555555556 0.111111111 tanh 2 0.0001 0.0001 1e-05 0.0001 0.8722000122070312
0.555555556 0.111111111 tanh 2 0.0001 0.0001 1e-05 0.001 0.8474000096321106
0.555555556 0.111111111 tanh 2 0.0001 0.0001 0.0001 1e-05 0.8565000295639038
0.555555556 0.111111111 tanh 2 0.0001 0.0001 0.0001 0.0001 0.8621000051498413
0.555555556 0.111111111 tanh 2 0.0001 0.0001 0.001 1e-05 0.8216000199317932
0.555555556 0.111111111 tanh 2 0.0001 0.0001 0.0001 0.001 0.8439000248908997
0.555555556 0.111111111 tanh 2 0.0001 0.0001 0.001 0.0001 0.8100000023841858
0.555555556 0.111111111 tanh 2 0.0001 0.0001 0.001 0.001 0.7820000052452087
0.555555556 0.111111111 tanh 2 0.0001 0.001 1e-05 1e-05 0.8715000152587891
0.555555556 0.111111111 tanh 2 0.0001 0.001 1e-05 0.001 0.853600025177002
0.555555556 0.111111111 tanh 2 0.0001 0.001 1e-05 0.0001 0.8600000143051147
0.555555556 0.111111111 tanh 2 0.0001 0.001 0.0001 1e-05 0.8515999913215637
0.555555556 0.111111111 tanh 2 0.0001 0.001 0.0001 0.0001 0.8361999988555908
0.555555556 0.111111111 tanh 2 0.0001 0.001 0.001 1e-05 0.7789000272750854
0.555555556 0.111111111 tanh 2 0.0001 0.001 0.0001 0.001 0.8359000086784363
0.555555556 0.111111111 tanh 2 0.0001 0.001 0.001 0.0001 0.8184999823570251
0.555555556 0.111111111 tanh 2 0.0001 0.001 0.001 0.001 0.8149999976158142
0.555555556 0.111111111 tanh 2 0.001 1e-05 1e-05 1e-05 0.8694000244140625
0.555555556 0.111111111 tanh 2 0.001 1e-05 1e-05 0.0001 0.8726999759674072
0.555555556 0.111111111 tanh 2 0.001 1e-05 1e-05 0.001 0.8574000000953674
0.555555556 0.111111111 tanh 2 0.001 1e-05 0.0001 1e-05 0.8615000247955322
0.555555556 0.111111111 tanh 2 0.001 1e-05 0.0001 0.0001 0.8647000193595886
0.555555556 0.111111111 tanh 2 0.001 1e-05 0.0001 0.001 0.8413000106811523
0.555555556 0.111111111 tanh 2 0.001 1e-05 0.001 1e-05 0.819100022315979
0.555555556 0.111111111 tanh 2 0.001 1e-05 0.001 0.0001 0.7932000160217285
0.555555556 0.111111111 tanh 2 0.001 1e-05 0.001 0.001 0.8140000104904175
0.555555556 0.111111111 tanh 2 0.001 0.0001 1e-05 1e-05 0.8723000288009644
0.555555556 0.111111111 tanh 2 0.001 0.0001 1e-05 0.0001 0.8776000142097473
0.555555556 0.111111111 tanh 2 0.001 0.0001 1e-05 0.001 0.847000002861023
0.555555556 0.111111111 tanh 2 0.001 0.0001 0.0001 1e-05 0.8360999822616577
0.555555556 0.111111111 tanh 2 0.001 0.0001 0.0001 0.0001 0.8562999963760376
0.555555556 0.111111111 tanh 2 0.001 0.0001 0.0001 0.001 0.8379999995231628
0.555555556 0.111111111 tanh 2 0.001 0.0001 0.001 0.0001 0.8072999715805054
0.555555556 0.111111111 tanh 2 0.001 0.0001 0.001 0.001 0.7996000051498413
0.555555556 0.111111111 tanh 2 0.001 0.0001 0.001 1e-05 0.7809000015258789
0.555555556 0.111111111 tanh 2 0.001 0.001 1e-05 1e-05 0.8722000122070312
0.555555556 0.111111111 tanh 2 0.001 0.001 1e-05 0.0001 0.8650000095367432
0.555555556 0.111111111 tanh 2 0.001 0.001 1e-05 0.001 0.8547999858856201
0.555555556 0.111111111 tanh 2 0.001 0.001 0.0001 1e-05 0.8485000133514404
0.555555556 0.111111111 tanh 2 0.001 0.001 0.0001 0.001 0.8367999792098999
0.555555556 0.111111111 tanh 2 0.001 0.001 0.0001 0.0001 0.8629999756813049
0.555555556 0.111111111 tanh 2 0.001 0.001 0.001 1e-05 0.7432000041007996
0.444444444 0.222222222 tanh 1 1e-05 1e-05 1e-05 1e-05 0.8744999766349792
0.555555556 0.111111111 tanh 2 0.001 0.001 0.001 0.001 0.7930999994277954
0.555555556 0.111111111 tanh 2 0.001 0.001 0.001 0.0001 0.7985000014305115
0.444444444 0.222222222 tanh 1 1e-05 1e-05 1e-05 0.0001 0.8715000152587891
0.444444444 0.222222222 tanh 1 1e-05 1e-05 1e-05 0.001 0.8489000201225281
0.444444444 0.222222222 tanh 1 1e-05 1e-05 0.0001 1e-05 0.8568999767303467
0.444444444 0.222222222 tanh 1 1e-05 1e-05 0.0001 0.0001 0.8517000079154968
0.444444444 0.222222222 tanh 1 1e-05 1e-05 0.0001 0.001 0.8449000120162964
0.444444444 0.222222222 tanh 1 1e-05 1e-05 0.001 1e-05 0.7871000170707703
0.444444444 0.222222222 tanh 1 1e-05 1e-05 0.001 0.0001 0.7975999712944031
0.444444444 0.222222222 tanh 1 1e-05 0.0001 1e-05 1e-05 0.8694999814033508
0.444444444 0.222222222 tanh 1 1e-05 0.0001 1e-05 0.0001 0.8615999817848206
0.444444444 0.222222222 tanh 1 1e-05 0.0001 1e-05 0.001 0.8453999757766724
0.444444444 0.222222222 tanh 1 1e-05 1e-05 0.001 0.001 0.7657999992370605
0.444444444 0.222222222 tanh 1 1e-05 0.0001 0.0001 1e-05 0.8641999959945679
0.444444444 0.222222222 tanh 1 1e-05 0.0001 0.0001 0.0001 0.8337000012397766
0.444444444 0.222222222 tanh 1 1e-05 0.0001 0.0001 0.001 0.8411999940872192
0.444444444 0.222222222 tanh 1 1e-05 0.0001 0.001 1e-05 0.8048999905586243
0.444444444 0.222222222 tanh 1 1e-05 0.0001 0.001 0.0001 0.3880000114440918
0.444444444 0.222222222 tanh 1 1e-05 0.0001 0.001 0.001 0.777400016784668
0.444444444 0.222222222 tanh 1 1e-05 0.001 1e-05 1e-05 0.8644999861717224
0.444444444 0.222222222 tanh 1 1e-05 0.001 1e-05 0.0001 0.8636000156402588
0.444444444 0.222222222 tanh 1 1e-05 0.001 1e-05 0.001 0.8555999994277954
0.444444444 0.222222222 tanh 1 1e-05 0.001 0.0001 1e-05 0.8521000146865845
0.444444444 0.222222222 tanh 1 1e-05 0.001 0.0001 0.0001 0.8507999777793884
0.444444444 0.222222222 tanh 1 1e-05 0.001 0.0001 0.001 0.8341000080108643
0.444444444 0.222222222 tanh 1 1e-05 0.001 0.001 1e-05 0.7445999979972839
0.444444444 0.222222222 tanh 1 1e-05 0.001 0.001 0.0001 0.8111000061035156
0.444444444 0.222222222 tanh 1 1e-05 0.001 0.001 0.001 0.765999972820282
0.444444444 0.222222222 tanh 1 0.0001 1e-05 1e-05 1e-05 0.8600000143051147
0.444444444 0.222222222 tanh 1 0.0001 1e-05 1e-05 0.0001 0.8567000031471252
0.444444444 0.222222222 tanh 1 0.0001 1e-05 1e-05 0.001 0.8367999792098999
0.444444444 0.222222222 tanh 1 0.0001 1e-05 0.0001 1e-05 0.8382999897003174
0.444444444 0.222222222 tanh 1 0.0001 1e-05 0.0001 0.0001 0.8590999841690063
0.444444444 0.222222222 tanh 1 0.0001 1e-05 0.0001 0.001 0.824400007724762
0.444444444 0.222222222 tanh 1 0.0001 1e-05 0.001 1e-05 0.8155999779701233
0.444444444 0.222222222 tanh 1 0.0001 1e-05 0.001 0.001 0.8097000122070312
0.444444444 0.222222222 tanh 1 0.0001 1e-05 0.001 0.0001 0.7870000004768372
0.444444444 0.222222222 tanh 1 0.0001 0.0001 1e-05 1e-05 0.8697999715805054
0.444444444 0.222222222 tanh 1 0.0001 0.0001 1e-05 0.0001 0.873199999332428
0.444444444 0.222222222 tanh 1 0.0001 0.0001 1e-05 0.001 0.8586999773979187
0.444444444 0.222222222 tanh 1 0.0001 0.0001 0.0001 1e-05 0.8547000288963318
0.444444444 0.222222222 tanh 1 0.0001 0.0001 0.0001 0.0001 0.8554999828338623
0.444444444 0.222222222 tanh 1 0.0001 0.0001 0.0001 0.001 0.8328999876976013
0.444444444 0.222222222 tanh 1 0.0001 0.0001 0.001 1e-05 0.7982000112533569
0.444444444 0.222222222 tanh 1 0.0001 0.0001 0.001 0.0001 0.8116000294685364
0.444444444 0.222222222 tanh 1 0.0001 0.0001 0.001 0.001 0.8015000224113464
0.444444444 0.222222222 tanh 1 0.0001 0.001 1e-05 1e-05 0.8621000051498413
0.444444444 0.222222222 tanh 1 0.0001 0.001 1e-05 0.0001 0.8583999872207642
0.444444444 0.222222222 tanh 1 0.0001 0.001 1e-05 0.001 0.8580999970436096
0.444444444 0.222222222 tanh 1 0.0001 0.001 0.0001 1e-05 0.8582000136375427
0.444444444 0.222222222 tanh 1 0.0001 0.001 0.0001 0.0001 0.8489999771118164
0.444444444 0.222222222 tanh 1 0.0001 0.001 0.0001 0.001 0.807200014591217
0.444444444 0.222222222 tanh 1 0.0001 0.001 0.001 0.001 0.7864000201225281
0.444444444 0.222222222 tanh 1 0.0001 0.001 0.001 0.0001 0.7846999764442444
0.444444444 0.222222222 tanh 1 0.0001 0.001 0.001 1e-05 0.7960000038146973
0.444444444 0.222222222 tanh 1 0.001 1e-05 1e-05 1e-05 0.8716999888420105
0.444444444 0.222222222 tanh 1 0.001 1e-05 1e-05 0.0001 0.8651999831199646
0.444444444 0.222222222 tanh 1 0.001 1e-05 1e-05 0.001 0.8579999804496765
0.444444444 0.222222222 tanh 1 0.001 1e-05 0.0001 1e-05 0.8443999886512756
0.444444444 0.222222222 tanh 1 0.001 1e-05 0.0001 0.0001 0.8499000072479248
0.444444444 0.222222222 tanh 1 0.001 1e-05 0.0001 0.001 0.803600013256073
0.444444444 0.222222222 tanh 1 0.001 1e-05 0.001 1e-05 0.772599995136261
0.444444444 0.222222222 tanh 1 0.001 1e-05 0.001 0.0001 0.7954000234603882
0.444444444 0.222222222 tanh 1 0.001 1e-05 0.001 0.001 0.7161999940872192
0.444444444 0.222222222 tanh 1 0.001 0.0001 1e-05 1e-05 0.8637999892234802
0.444444444 0.222222222 tanh 1 0.001 0.0001 1e-05 0.001 0.8532000184059143
0.444444444 0.222222222 tanh 1 0.001 0.0001 1e-05 0.0001 0.871399998664856
0.444444444 0.222222222 tanh 1 0.001 0.0001 0.0001 1e-05 0.8603000044822693
0.444444444 0.222222222 tanh 1 0.001 0.0001 0.0001 0.001 0.8422999978065491
0.444444444 0.222222222 tanh 1 0.001 0.0001 0.0001 0.0001 0.8567000031471252
0.444444444 0.222222222 tanh 1 0.001 0.0001 0.001 1e-05 0.6559000015258789
0.444444444 0.222222222 tanh 1 0.001 0.0001 0.001 0.0001 0.8100000023841858
0.444444444 0.222222222 tanh 1 0.001 0.0001 0.001 0.001 0.7896999716758728
0.444444444 0.222222222 tanh 1 0.001 0.001 1e-05 1e-05 0.8682000041007996
0.444444444 0.222222222 tanh 1 0.001 0.001 1e-05 0.0001 0.8658999800682068
0.444444444 0.222222222 tanh 1 0.001 0.001 1e-05 0.001 0.7498999834060669
0.444444444 0.222222222 tanh 1 0.001 0.001 0.0001 1e-05 0.8571000099182129
0.444444444 0.222222222 tanh 1 0.001 0.001 0.0001 0.001 0.8378000259399414
0.444444444 0.222222222 tanh 1 0.001 0.001 0.0001 0.0001 0.8463000059127808
0.444444444 0.222222222 tanh 1 0.001 0.001 0.001 1e-05 0.7914000153541565
0.444444444 0.222222222 tanh 1 0.001 0.001 0.001 0.0001 0.8047000169754028
0.444444444 0.222222222 tanh 1 0.001 0.001 0.001 0.001 0.7343000173568726
0.555555556 0.111111111 relu 2 1e-05 1e-05 1e-05 1e-05 0.876800000667572
0.555555556 0.111111111 relu 2 1e-05 1e-05 1e-05 0.0001 0.8774999976158142
0.555555556 0.111111111 relu 2 1e-05 1e-05 1e-05 0.001 0.8632000088691711
0.555555556 0.111111111 relu 2 1e-05 1e-05 0.0001 0.001 0.8409000039100647
0.555555556 0.111111111 relu 2 1e-05 1e-05 0.0001 0.0001 0.8557000160217285
0.555555556 0.111111111 relu 2 1e-05 1e-05 0.0001 1e-05 0.8474000096321106
0.555555556 0.111111111 relu 2 1e-05 1e-05 0.001 1e-05 0.8149999976158142
0.555555556 0.111111111 relu 2 1e-05 1e-05 0.001 0.001 0.7939000129699707
0.555555556 0.111111111 relu 2 1e-05 1e-05 0.001 0.0001 0.8170999884605408
0.555555556 0.111111111 relu 2 1e-05 0.0001 1e-05 1e-05 0.8702999949455261
0.555555556 0.111111111 relu 2 1e-05 0.0001 1e-05 0.001 0.8611000180244446
0.555555556 0.111111111 relu 2 1e-05 0.0001 1e-05 0.0001 0.8723999857902527
0.555555556 0.111111111 relu 2 1e-05 0.0001 0.0001 1e-05 0.8619999885559082
0.555555556 0.111111111 relu 2 1e-05 0.0001 0.0001 0.0001 0.8495000004768372
0.555555556 0.111111111 relu 2 1e-05 0.0001 0.0001 0.001 0.8489999771118164
0.555555556 0.111111111 relu 2 1e-05 0.0001 0.001 1e-05 0.7867000102996826
0.555555556 0.111111111 relu 2 1e-05 0.0001 0.001 0.0001 0.7882999777793884
0.555555556 0.111111111 relu 2 1e-05 0.0001 0.001 0.001 0.8065000176429749
0.555555556 0.111111111 relu 2 1e-05 0.001 1e-05 1e-05 0.8687000274658203
0.555555556 0.111111111 relu 2 1e-05 0.001 1e-05 0.0001 0.8646000027656555
0.555555556 0.111111111 relu 2 1e-05 0.001 0.0001 1e-05 0.8691999912261963
0.555555556 0.111111111 relu 2 1e-05 0.001 1e-05 0.001 0.86080002784729
0.555555556 0.111111111 relu 2 1e-05 0.001 0.0001 0.0001 0.8454999923706055
0.555555556 0.111111111 relu 2 1e-05 0.001 0.0001 0.001 0.8511999845504761
0.555555556 0.111111111 relu 2 1e-05 0.001 0.001 1e-05 0.7928000092506409
0.555555556 0.111111111 relu 2 1e-05 0.001 0.001 0.0001 0.8166999816894531
0.555555556 0.111111111 relu 2 1e-05 0.001 0.001 0.001 0.8084999918937683
0.555555556 0.111111111 relu 2 0.0001 1e-05 1e-05 1e-05 0.8694999814033508
0.555555556 0.111111111 relu 2 0.0001 1e-05 1e-05 0.001 0.8603000044822693
0.555555556 0.111111111 relu 2 0.0001 1e-05 1e-05 0.0001 0.8650000095367432
0.555555556 0.111111111 relu 2 0.0001 1e-05 0.0001 1e-05 0.8479999899864197
0.555555556 0.111111111 relu 2 0.0001 1e-05 0.0001 0.0001 0.8590999841690063
0.555555556 0.111111111 relu 2 0.0001 1e-05 0.001 1e-05 0.7736999988555908
0.555555556 0.111111111 relu 2 0.0001 1e-05 0.0001 0.001 0.850600004196167
0.555555556 0.111111111 relu 2 0.0001 1e-05 0.001 0.0001 0.8145999908447266
0.555555556 0.111111111 relu 2 0.0001 1e-05 0.001 0.001 0.7940000295639038
0.555555556 0.111111111 relu 2 0.0001 0.0001 1e-05 1e-05 0.8632000088691711
0.555555556 0.111111111 relu 2 0.0001 0.0001 1e-05 0.0001 0.8812999725341797
0.555555556 0.111111111 relu 2 0.0001 0.0001 1e-05 0.001 0.8485999703407288
0.555555556 0.111111111 relu 2 0.0001 0.0001 0.0001 1e-05 0.8432000279426575
0.555555556 0.111111111 relu 2 0.0001 0.0001 0.0001 0.0001 0.8483999967575073
0.555555556 0.111111111 relu 2 0.0001 0.0001 0.0001 0.001 0.8514999747276306
0.555555556 0.111111111 relu 2 0.0001 0.0001 0.001 1e-05 0.7997000217437744
0.555555556 0.111111111 relu 2 0.0001 0.0001 0.001 0.0001 0.8087999820709229
0.555555556 0.111111111 relu 2 0.0001 0.0001 0.001 0.001 0.8011999726295471
0.555555556 0.111111111 relu 2 0.0001 0.001 1e-05 1e-05 0.8704000115394592
0.555555556 0.111111111 relu 2 0.0001 0.001 1e-05 0.0001 0.8664000034332275
0.555555556 0.111111111 relu 2 0.0001 0.001 0.0001 1e-05 0.8539000153541565
0.555555556 0.111111111 relu 2 0.0001 0.001 1e-05 0.001 0.8657000064849854
0.555555556 0.111111111 relu 2 0.0001 0.001 0.0001 0.0001 0.8632000088691711
0.555555556 0.111111111 relu 2 0.0001 0.001 0.0001 0.001 0.8256000280380249
0.555555556 0.111111111 relu 2 0.0001 0.001 0.001 1e-05 0.7975999712944031
0.555555556 0.111111111 relu 2 0.0001 0.001 0.001 0.0001 0.7437000274658203
0.555555556 0.111111111 relu 2 0.0001 0.001 0.001 0.001 0.785099983215332
0.555555556 0.111111111 relu 2 0.001 1e-05 1e-05 1e-05 0.8722000122070312
0.555555556 0.111111111 relu 2 0.001 1e-05 1e-05 0.0001 0.8770999908447266
0.555555556 0.111111111 relu 2 0.001 1e-05 1e-05 0.001 0.8604000210762024
0.555555556 0.111111111 relu 2 0.001 1e-05 0.0001 0.0001 0.8533999919891357
0.555555556 0.111111111 relu 2 0.001 1e-05 0.0001 1e-05 0.8515999913215637
0.555555556 0.111111111 relu 2 0.001 1e-05 0.0001 0.001 0.8504999876022339
0.555555556 0.111111111 relu 2 0.001 1e-05 0.001 1e-05 0.7860999703407288
0.555555556 0.111111111 relu 2 0.001 1e-05 0.001 0.0001 0.7947999835014343
0.555555556 0.111111111 relu 2 0.001 1e-05 0.001 0.001 0.7827000021934509
0.555555556 0.111111111 relu 2 0.001 0.0001 1e-05 1e-05 0.8791000247001648
0.555555556 0.111111111 relu 2 0.001 0.0001 1e-05 0.0001 0.8672999739646912
0.555555556 0.111111111 relu 2 0.001 0.0001 1e-05 0.001 0.8639000058174133
0.555555556 0.111111111 relu 2 0.001 0.0001 0.0001 0.001 0.8537999987602234
0.555555556 0.111111111 relu 2 0.001 0.0001 0.0001 1e-05 0.8446999788284302
0.555555556 0.111111111 relu 2 0.001 0.0001 0.0001 0.0001 0.8683000206947327
0.555555556 0.111111111 relu 2 0.001 0.0001 0.001 1e-05 0.795799970626831
0.555555556 0.111111111 relu 2 0.001 0.0001 0.001 0.001 0.8145999908447266
0.555555556 0.111111111 relu 2 0.001 0.0001 0.001 0.0001 0.8177000284194946
0.555555556 0.111111111 relu 2 0.001 0.001 1e-05 1e-05 0.8598999977111816
0.555555556 0.111111111 relu 2 0.001 0.001 1e-05 0.0001 0.8701000213623047
0.555555556 0.111111111 relu 2 0.001 0.001 0.0001 1e-05 0.8640999794006348
0.555555556 0.111111111 relu 2 0.001 0.001 1e-05 0.001 0.8650000095367432
0.555555556 0.111111111 relu 2 0.001 0.001 0.0001 0.0001 0.8611999750137329
0.555555556 0.111111111 relu 2 0.001 0.001 0.001 1e-05 0.8138999938964844
0.555555556 0.111111111 relu 2 0.001 0.001 0.0001 0.001 0.8580999970436096
0.555555556 0.111111111 relu 2 0.001 0.001 0.001 0.0001 0.8052999973297119
0.555555556 0.111111111 relu 2 0.001 0.001 0.001 0.001 0.7914000153541565
0.555555556 0.111111111 relu 3 1e-05 1e-05 1e-05 1e-05 0.8673999905586243
0.555555556 0.111111111 relu 3 1e-05 1e-05 1e-05 0.0001 0.8513000011444092
0.555555556 0.111111111 relu 3 1e-05 1e-05 1e-05 0.001 0.8439000248908997
0.555555556 0.111111111 relu 3 1e-05 1e-05 0.0001 0.0001 0.8396999835968018
0.555555556 0.111111111 relu 3 1e-05 1e-05 0.0001 1e-05 0.862500011920929
0.555555556 0.111111111 relu 3 1e-05 1e-05 0.0001 0.001 0.8274000287055969
0.555555556 0.111111111 relu 3 1e-05 1e-05 0.001 1e-05 0.7971000075340271
0.555555556 0.111111111 relu 3 1e-05 1e-05 0.001 0.0001 0.6152999997138977
0.555555556 0.111111111 relu 3 1e-05 1e-05 0.001 0.001 0.7700999975204468
0.555555556 0.111111111 relu 3 1e-05 0.0001 1e-05 1e-05 0.8572999835014343
0.555555556 0.111111111 relu 3 1e-05 0.0001 1e-05 0.0001 0.8687000274658203
0.555555556 0.111111111 relu 3 1e-05 0.0001 1e-05 0.001 0.8492000102996826
0.555555556 0.111111111 relu 3 1e-05 0.0001 0.0001 1e-05 0.8626999855041504
0.555555556 0.111111111 relu 3 1e-05 0.0001 0.001 1e-05 0.7542999982833862
0.555555556 0.111111111 relu 3 1e-05 0.0001 0.0001 0.0001 0.862500011920929
0.555555556 0.111111111 relu 3 1e-05 0.0001 0.0001 0.001 0.8496999740600586
0.555555556 0.111111111 relu 3 1e-05 0.0001 0.001 0.0001 0.7983999848365784
0.555555556 0.111111111 relu 3 1e-05 0.0001 0.001 0.001 0.8033999800682068
0.555555556 0.111111111 relu 3 1e-05 0.001 1e-05 0.0001 0.8727999925613403
0.555555556 0.111111111 relu 3 1e-05 0.001 1e-05 1e-05 0.8655999898910522
0.555555556 0.111111111 relu 3 1e-05 0.001 1e-05 0.001 0.8367000222206116
0.555555556 0.111111111 relu 3 1e-05 0.001 0.0001 1e-05 0.8650000095367432
0.555555556 0.111111111 relu 3 1e-05 0.001 0.001 1e-05 0.8062999844551086
0.555555556 0.111111111 relu 3 1e-05 0.001 0.0001 0.001 0.8525999784469604
0.555555556 0.111111111 relu 3 1e-05 0.001 0.0001 0.0001 0.842199981212616
0.555555556 0.111111111 relu 3 1e-05 0.001 0.001 0.0001 0.7626000046730042
0.555555556 0.111111111 relu 3 1e-05 0.001 0.001 0.001 0.7092999815940857
0.555555556 0.111111111 relu 3 0.0001 1e-05 1e-05 1e-05 0.8784999847412109
0.555555556 0.111111111 relu 3 0.0001 1e-05 1e-05 0.001 0.8633000254631042
0.555555556 0.111111111 relu 3 0.0001 1e-05 1e-05 0.0001 0.8693000078201294
0.555555556 0.111111111 relu 3 0.0001 1e-05 0.0001 1e-05 0.829200029373169
0.555555556 0.111111111 relu 3 0.0001 1e-05 0.0001 0.0001 0.857699990272522
0.555555556 0.111111111 relu 3 0.0001 1e-05 0.001 1e-05 0.8206999897956848
0.555555556 0.111111111 relu 3 0.0001 1e-05 0.0001 0.001 0.8465999960899353
0.555555556 0.111111111 relu 3 0.0001 1e-05 0.001 0.0001 0.8122000098228455
0.555555556 0.111111111 relu 3 0.0001 0.0001 1e-05 1e-05 0.8744999766349792
0.555555556 0.111111111 relu 3 0.0001 1e-05 0.001 0.001 0.8019000291824341
0.555555556 0.111111111 relu 3 0.0001 0.0001 1e-05 0.0001 0.873199999332428
0.555555556 0.111111111 relu 3 0.0001 0.0001 0.0001 1e-05 0.852400004863739
0.555555556 0.111111111 relu 3 0.0001 0.0001 1e-05 0.001 0.8522999882698059
0.555555556 0.111111111 relu 3 0.0001 0.0001 0.0001 0.0001 0.861299991607666
0.555555556 0.111111111 relu 3 0.0001 0.0001 0.0001 0.001 0.8417999744415283
0.555555556 0.111111111 relu 3 0.0001 0.0001 0.001 1e-05 0.810699999332428
0.555555556 0.111111111 relu 3 0.0001 0.0001 0.001 0.001 0.8090999722480774
0.555555556 0.111111111 relu 3 0.0001 0.0001 0.001 0.0001 0.5522000193595886
0.555555556 0.111111111 relu 3 0.0001 0.001 1e-05 0.0001 0.8662999868392944
0.555555556 0.111111111 relu 3 0.0001 0.001 1e-05 1e-05 0.8729000091552734
0.555555556 0.111111111 relu 3 0.0001 0.001 0.0001 1e-05 0.8600000143051147
0.555555556 0.111111111 relu 3 0.0001 0.001 1e-05 0.001 0.8666999936103821
0.555555556 0.111111111 relu 3 0.0001 0.001 0.0001 0.001 0.8209999799728394
0.555555556 0.111111111 relu 3 0.0001 0.001 0.0001 0.0001 0.8429999947547913
0.555555556 0.111111111 relu 3 0.0001 0.001 0.001 1e-05 0.6474000215530396
0.555555556 0.111111111 relu 3 0.0001 0.001 0.001 0.0001 0.8029000163078308
0.555555556 0.111111111 relu 3 0.001 1e-05 1e-05 1e-05 0.8691999912261963
0.555555556 0.111111111 relu 3 0.0001 0.001 0.001 0.001 0.7746999859809875
0.555555556 0.111111111 relu 3 0.001 1e-05 1e-05 0.001 0.845300018787384
0.555555556 0.111111111 relu 3 0.001 1e-05 1e-05 0.0001 0.8658000230789185
0.555555556 0.111111111 relu 3 0.001 1e-05 0.0001 0.0001 0.8307999968528748
0.555555556 0.111111111 relu 3 0.001 1e-05 0.001 1e-05 0.7851999998092651
0.555555556 0.111111111 relu 3 0.001 1e-05 0.0001 1e-05 0.8604000210762024
0.555555556 0.111111111 relu 3 0.001 1e-05 0.0001 0.001 0.847000002861023
0.555555556 0.111111111 relu 3 0.001 1e-05 0.001 0.0001 0.7971000075340271
0.555555556 0.111111111 relu 3 0.001 1e-05 0.001 0.001 0.7332000136375427
0.555555556 0.111111111 relu 3 0.001 0.0001 1e-05 0.0001 0.8691999912261963
0.555555556 0.111111111 relu 3 0.001 0.0001 1e-05 1e-05 0.8716999888420105
0.555555556 0.111111111 relu 3 0.001 0.0001 1e-05 0.001 0.8592000007629395
0.555555556 0.111111111 relu 3 0.001 0.0001 0.0001 1e-05 0.8529999852180481
0.555555556 0.111111111 relu 3 0.001 0.0001 0.001 1e-05 0.7721999883651733
0.555555556 0.111111111 relu 3 0.001 0.0001 0.0001 0.0001 0.8629999756813049
0.555555556 0.111111111 relu 3 0.001 0.0001 0.0001 0.001 0.82669997215271
0.555555556 0.111111111 relu 3 0.001 0.0001 0.001 0.0001 0.20759999752044678
0.555555556 0.111111111 relu 3 0.001 0.0001 0.001 0.001 0.7229999899864197
0.555555556 0.111111111 relu 3 0.001 0.001 1e-05 1e-05 0.8689000010490417
0.555555556 0.111111111 relu 3 0.001 0.001 1e-05 0.0001 0.864300012588501
0.555555556 0.111111111 relu 3 0.001 0.001 1e-05 0.001 0.8514000177383423
0.555555556 0.111111111 relu 3 0.001 0.001 0.0001 1e-05 0.8555999994277954
0.555555556 0.111111111 relu 3 0.001 0.001 0.0001 0.0001 0.8622000217437744
0.555555556 0.111111111 relu 3 0.001 0.001 0.0001 0.001 0.829800009727478
0.555555556 0.111111111 relu 3 0.001 0.001 0.001 0.001 0.7703999876976013
0.555555556 0.111111111 relu 3 0.001 0.001 0.001 1e-05 0.7121000289916992
0.555555556 0.111111111 relu 3 0.001 0.001 0.001 0.0001 0.7567999958992004
0.666666667 0.111111111 tanh 3 1e-05 1e-05 1e-05 1e-05 0.8723999857902527
0.666666667 0.111111111 tanh 3 1e-05 1e-05 1e-05 0.0001 0.8741999864578247
0.666666667 0.111111111 tanh 3 1e-05 1e-05 0.0001 1e-05 0.8532999753952026
0.666666667 0.111111111 tanh 3 1e-05 1e-05 1e-05 0.001 0.8337000012397766
0.666666667 0.111111111 tanh 3 1e-05 1e-05 0.0001 0.0001 0.840399980545044
0.666666667 0.111111111 tanh 3 1e-05 1e-05 0.0001 0.001 0.8183000087738037
0.666666667 0.111111111 tanh 3 1e-05 1e-05 0.001 1e-05 0.7958999872207642
0.666666667 0.111111111 tanh 3 1e-05 1e-05 0.001 0.001 0.7188000082969666
0.666666667 0.111111111 tanh 3 1e-05 1e-05 0.001 0.0001 0.8091999888420105
0.666666667 0.111111111 tanh 3 1e-05 0.0001 1e-05 1e-05 0.8738999962806702
0.666666667 0.111111111 tanh 3 1e-05 0.0001 1e-05 0.0001 0.8672000169754028
0.666666667 0.111111111 tanh 3 1e-05 0.0001 1e-05 0.001 0.8485999703407288
0.666666667 0.111111111 tanh 3 1e-05 0.0001 0.0001 0.0001 0.8629000186920166
0.666666667 0.111111111 tanh 3 1e-05 0.0001 0.0001 0.001 0.8454999923706055
0.666666667 0.111111111 tanh 3 1e-05 0.0001 0.0001 1e-05 0.8652999997138977
0.666666667 0.111111111 tanh 3 1e-05 0.0001 0.001 1e-05 0.8138999938964844
0.666666667 0.111111111 tanh 3 1e-05 0.0001 0.001 0.0001 0.7955999970436096
0.666666667 0.111111111 tanh 3 1e-05 0.001 1e-05 1e-05 0.8646000027656555
0.666666667 0.111111111 tanh 3 1e-05 0.0001 0.001 0.001 0.8008000254631042
0.666666667 0.111111111 tanh 3 1e-05 0.001 1e-05 0.0001 0.8561999797821045
0.666666667 0.111111111 tanh 3 1e-05 0.001 1e-05 0.001 0.8535000085830688
0.666666667 0.111111111 tanh 3 1e-05 0.001 0.0001 1e-05 0.8519999980926514
0.666666667 0.111111111 tanh 3 1e-05 0.001 0.0001 0.001 0.840399980545044
0.666666667 0.111111111 tanh 3 1e-05 0.001 0.0001 0.0001 0.8432000279426575
0.666666667 0.111111111 tanh 3 1e-05 0.001 0.001 1e-05 0.8217999935150146
0.666666667 0.111111111 tanh 3 1e-05 0.001 0.001 0.0001 0.7775999903678894
0.666666667 0.111111111 tanh 3 1e-05 0.001 0.001 0.001 0.7759000062942505
0.666666667 0.111111111 tanh 3 0.0001 1e-05 1e-05 1e-05 0.8565999865531921
0.666666667 0.111111111 tanh 3 0.0001 1e-05 1e-05 0.0001 0.876800000667572
0.666666667 0.111111111 tanh 3 0.0001 1e-05 0.0001 1e-05 0.8543000221252441
0.666666667 0.111111111 tanh 3 0.0001 1e-05 1e-05 0.001 0.8167999982833862
0.666666667 0.111111111 tanh 3 0.0001 1e-05 0.0001 0.0001 0.8593999743461609
0.666666667 0.111111111 tanh 3 0.0001 1e-05 0.0001 0.001 0.8134999871253967
0.666666667 0.111111111 tanh 3 0.0001 1e-05 0.001 1e-05 0.7820000052452087
0.666666667 0.111111111 tanh 3 0.0001 1e-05 0.001 0.0001 0.7971000075340271
0.666666667 0.111111111 tanh 3 0.0001 1e-05 0.001 0.001 0.7925999760627747
0.666666667 0.111111111 tanh 3 0.0001 0.0001 1e-05 1e-05 0.8694000244140625
0.666666667 0.111111111 tanh 3 0.0001 0.0001 1e-05 0.0001 0.8590999841690063
0.666666667 0.111111111 tanh 3 0.0001 0.0001 1e-05 0.001 0.8529000282287598
0.666666667 0.111111111 tanh 3 0.0001 0.0001 0.0001 1e-05 0.8539000153541565
0.666666667 0.111111111 tanh 3 0.0001 0.0001 0.0001 0.0001 0.8360000252723694
0.666666667 0.111111111 tanh 3 0.0001 0.0001 0.001 1e-05 0.7851999998092651
0.666666667 0.111111111 tanh 3 0.0001 0.0001 0.0001 0.001 0.8223000168800354
0.666666667 0.111111111 tanh 3 0.0001 0.0001 0.001 0.0001 0.8141000270843506
0.666666667 0.111111111 tanh 3 0.0001 0.0001 0.001 0.001 0.7925999760627747
0.666666667 0.111111111 tanh 3 0.0001 0.001 1e-05 1e-05 0.8597999811172485
0.666666667 0.111111111 tanh 3 0.0001 0.001 1e-05 0.0001 0.8614000082015991
0.666666667 0.111111111 tanh 3 0.0001 0.001 1e-05 0.001 0.8503000140190125
0.666666667 0.111111111 tanh 3 0.0001 0.001 0.0001 1e-05 0.832099974155426
0.666666667 0.111111111 tanh 3 0.0001 0.001 0.0001 0.0001 0.8418999910354614
0.666666667 0.111111111 tanh 3 0.0001 0.001 0.0001 0.001 0.7748000025749207
0.666666667 0.111111111 tanh 3 0.0001 0.001 0.001 0.0001 0.7900999784469604
0.666666667 0.111111111 tanh 3 0.0001 0.001 0.001 1e-05 0.8055999875068665
0.666666667 0.111111111 tanh 3 0.0001 0.001 0.001 0.001 0.8029000163078308
0.666666667 0.111111111 tanh 3 0.001 1e-05 1e-05 1e-05 0.8727999925613403
0.666666667 0.111111111 tanh 3 0.001 1e-05 1e-05 0.0001 0.8693000078201294
0.666666667 0.111111111 tanh 3 0.001 1e-05 1e-05 0.001 0.8223999738693237
0.666666667 0.111111111 tanh 3 0.001 1e-05 0.0001 1e-05 0.8654999732971191
0.666666667 0.111111111 tanh 3 0.001 1e-05 0.0001 0.0001 0.859000027179718
0.666666667 0.111111111 tanh 3 0.001 1e-05 0.0001 0.001 0.8410999774932861
0.666666667 0.111111111 tanh 3 0.001 1e-05 0.001 1e-05 0.7954999804496765
0.666666667 0.111111111 tanh 3 0.001 1e-05 0.001 0.0001 0.8076000213623047
0.666666667 0.111111111 tanh 3 0.001 1e-05 0.001 0.001 0.7685999870300293
0.666666667 0.111111111 tanh 3 0.001 0.0001 1e-05 0.0001 0.8673999905586243
0.666666667 0.111111111 tanh 3 0.001 0.0001 1e-05 1e-05 0.8671000003814697
0.666666667 0.111111111 tanh 3 0.001 0.0001 1e-05 0.001 0.8511000275611877
0.666666667 0.111111111 tanh 3 0.001 0.0001 0.0001 1e-05 0.8513000011444092
0.666666667 0.111111111 tanh 3 0.001 0.0001 0.0001 0.0001 0.8531000018119812
0.666666667 0.111111111 tanh 3 0.001 0.0001 0.0001 0.001 0.8389000296592712
0.666666667 0.111111111 tanh 3 0.001 0.0001 0.001 1e-05 0.7752000093460083
0.666666667 0.111111111 tanh 3 0.001 0.0001 0.001 0.0001 0.7919999957084656
0.666666667 0.111111111 tanh 3 0.001 0.0001 0.001 0.001 0.7968000173568726
0.666666667 0.111111111 tanh 3 0.001 0.001 1e-05 1e-05 0.866599977016449
0.666666667 0.111111111 tanh 3 0.001 0.001 1e-05 0.001 0.843999981880188
0.666666667 0.111111111 tanh 3 0.001 0.001 1e-05 0.0001 0.8658000230789185
0.666666667 0.111111111 tanh 3 0.001 0.001 0.0001 0.0001 0.7965999841690063
0.666666667 0.111111111 tanh 3 0.001 0.001 0.0001 1e-05 0.8543000221252441
0.666666667 0.111111111 tanh 3 0.001 0.001 0.0001 0.001 0.8389999866485596
0.666666667 0.111111111 tanh 3 0.001 0.001 0.001 0.0001 0.7700999975204468
0.666666667 0.111111111 tanh 3 0.001 0.001 0.001 1e-05 0.8163999915122986
0.666666667 0.111111111 tanh 3 0.001 0.001 0.001 0.001 0.7889999747276306
0.222222222 0.222222222 tanh 3 1e-05 1e-05 1e-05 1e-05 0.8754000067710876
0.222222222 0.222222222 tanh 3 1e-05 1e-05 1e-05 0.0001 0.8730000257492065
0.222222222 0.222222222 tanh 3 1e-05 1e-05 0.0001 1e-05 0.8565000295639038
0.222222222 0.222222222 tanh 3 1e-05 1e-05 1e-05 0.001 0.8519999980926514
0.222222222 0.222222222 tanh 3 1e-05 1e-05 0.0001 0.0001 0.8496999740600586
0.222222222 0.222222222 tanh 3 1e-05 1e-05 0.0001 0.001 0.8346999883651733
0.222222222 0.222222222 tanh 3 1e-05 1e-05 0.001 1e-05 0.7901999950408936
0.222222222 0.222222222 tanh 3 1e-05 1e-05 0.001 0.0001 0.7757999897003174
0.222222222 0.222222222 tanh 3 1e-05 1e-05 0.001 0.001 0.7621999979019165
0.222222222 0.222222222 tanh 3 1e-05 0.0001 1e-05 1e-05 0.8514999747276306
0.222222222 0.222222222 tanh 3 1e-05 0.0001 1e-05 0.001 0.8489000201225281
0.222222222 0.222222222 tanh 3 1e-05 0.0001 1e-05 0.0001 0.867900013923645
0.222222222 0.222222222 tanh 3 1e-05 0.0001 0.0001 1e-05 0.863099992275238
0.222222222 0.222222222 tanh 3 1e-05 0.0001 0.0001 0.0001 0.855400025844574
0.222222222 0.222222222 tanh 3 1e-05 0.0001 0.0001 0.001 0.8389000296592712
0.222222222 0.222222222 tanh 3 1e-05 0.0001 0.001 1e-05 0.7929999828338623
0.222222222 0.222222222 tanh 3 1e-05 0.0001 0.001 0.0001 0.7914000153541565
0.222222222 0.222222222 tanh 3 1e-05 0.0001 0.001 0.001 0.6917999982833862
0.222222222 0.222222222 tanh 3 1e-05 0.001 1e-05 1e-05 0.8543000221252441
0.222222222 0.222222222 tanh 3 1e-05 0.001 1e-05 0.0001 0.8440999984741211
0.222222222 0.222222222 tanh 3 1e-05 0.001 1e-05 0.001 0.8361999988555908
0.222222222 0.222222222 tanh 3 1e-05 0.001 0.0001 1e-05 0.8403000235557556
0.222222222 0.222222222 tanh 3 1e-05 0.001 0.0001 0.0001 0.8339999914169312
0.222222222 0.222222222 tanh 3 1e-05 0.001 0.001 1e-05 0.7027000188827515
0.222222222 0.222222222 tanh 3 1e-05 0.001 0.0001 0.001 0.836899995803833
0.222222222 0.222222222 tanh 3 1e-05 0.001 0.001 0.0001 0.8064000010490417
0.222222222 0.222222222 tanh 3 1e-05 0.001 0.001 0.001 0.7710999846458435
0.222222222 0.222222222 tanh 3 0.0001 1e-05 1e-05 1e-05 0.8708000183105469
0.222222222 0.222222222 tanh 3 0.0001 1e-05 1e-05 0.0001 0.8737000226974487
0.222222222 0.222222222 tanh 3 0.0001 1e-05 0.0001 0.0001 0.8619999885559082
0.222222222 0.222222222 tanh 3 0.0001 1e-05 1e-05 0.001 0.8324000239372253
0.222222222 0.222222222 tanh 3 0.0001 1e-05 0.0001 1e-05 0.847000002861023
0.222222222 0.222222222 tanh 3 0.0001 1e-05 0.001 1e-05 0.7523000240325928
0.222222222 0.222222222 tanh 3 0.0001 1e-05 0.0001 0.001 0.7803999781608582
0.222222222 0.222222222 tanh 3 0.0001 1e-05 0.001 0.0001 0.8098999857902527
0.222222222 0.222222222 tanh 3 0.0001 1e-05 0.001 0.001 0.7718999981880188
0.222222222 0.222222222 tanh 3 0.0001 0.0001 1e-05 1e-05 0.8672999739646912
0.222222222 0.222222222 tanh 3 0.0001 0.0001 1e-05 0.0001 0.8644000291824341
0.222222222 0.222222222 tanh 3 0.0001 0.0001 1e-05 0.001 0.8406999707221985
0.222222222 0.222222222 tanh 3 0.0001 0.0001 0.0001 0.0001 0.8381999731063843
0.222222222 0.222222222 tanh 3 0.0001 0.0001 0.0001 0.001 0.8335999846458435
0.222222222 0.222222222 tanh 3 0.0001 0.0001 0.0001 1e-05 0.859499990940094
0.222222222 0.222222222 tanh 3 0.0001 0.0001 0.001 1e-05 0.8055999875068665
0.222222222 0.222222222 tanh 3 0.0001 0.0001 0.001 0.0001 0.7520999908447266
0.222222222 0.222222222 tanh 3 0.0001 0.0001 0.001 0.001 0.7820000052452087
0.222222222 0.222222222 tanh 3 0.0001 0.001 1e-05 1e-05 0.8736000061035156
0.222222222 0.222222222 tanh 3 0.0001 0.001 1e-05 0.0001 0.8676999807357788
0.222222222 0.222222222 tanh 3 0.0001 0.001 1e-05 0.001 0.8335999846458435
0.222222222 0.222222222 tanh 3 0.0001 0.001 0.0001 1e-05 0.8511999845504761
0.222222222 0.222222222 tanh 3 0.0001 0.001 0.0001 0.0001 0.8496999740600586
0.222222222 0.222222222 tanh 3 0.0001 0.001 0.0001 0.001 0.8212000131607056
0.222222222 0.222222222 tanh 3 0.0001 0.001 0.001 1e-05 0.8047000169754028
0.222222222 0.222222222 tanh 3 0.0001 0.001 0.001 0.0001 0.794700026512146
0.222222222 0.222222222 tanh 3 0.0001 0.001 0.001 0.001 0.7763000130653381
0.222222222 0.222222222 tanh 3 0.001 1e-05 1e-05 1e-05 0.867900013923645
0.222222222 0.222222222 tanh 3 0.001 1e-05 1e-05 0.001 0.8413000106811523
0.222222222 0.222222222 tanh 3 0.001 1e-05 1e-05 0.0001 0.8628000020980835
0.222222222 0.222222222 tanh 3 0.001 1e-05 0.0001 1e-05 0.8567000031471252
0.222222222 0.222222222 tanh 3 0.001 1e-05 0.0001 0.0001 0.8550000190734863
0.222222222 0.222222222 tanh 3 0.001 1e-05 0.0001 0.001 0.8223000168800354
0.222222222 0.222222222 tanh 3 0.001 1e-05 0.001 1e-05 0.8120999932289124
0.222222222 0.222222222 tanh 3 0.001 1e-05 0.001 0.0001 0.7688999772071838
0.222222222 0.222222222 tanh 3 0.001 1e-05 0.001 0.001 0.7448999881744385
0.222222222 0.222222222 tanh 3 0.001 0.0001 1e-05 1e-05 0.8705999851226807
0.222222222 0.222222222 tanh 3 0.001 0.0001 0.0001 1e-05 0.8589000105857849
0.222222222 0.222222222 tanh 3 0.001 0.0001 1e-05 0.001 0.8562999963760376
0.222222222 0.222222222 tanh 3 0.001 0.0001 1e-05 0.0001 0.8662999868392944
0.222222222 0.222222222 tanh 3 0.001 0.0001 0.0001 0.0001 0.8600000143051147
0.222222222 0.222222222 tanh 3 0.001 0.0001 0.001 0.0001 0.8144999742507935
0.222222222 0.222222222 tanh 3 0.001 0.0001 0.0001 0.001 0.8409000039100647
0.222222222 0.222222222 tanh 3 0.001 0.0001 0.001 1e-05 0.8023999929428101
0.222222222 0.222222222 tanh 3 0.001 0.0001 0.001 0.001 0.7872999906539917
0.222222222 0.222222222 tanh 3 0.001 0.001 1e-05 1e-05 0.8529999852180481
0.222222222 0.222222222 tanh 3 0.001 0.001 0.0001 1e-05 0.857699990272522
0.222222222 0.222222222 tanh 3 0.001 0.001 1e-05 0.0001 0.8618999719619751
0.222222222 0.222222222 tanh 3 0.001 0.001 0.0001 0.0001 0.8543999791145325
0.222222222 0.222222222 tanh 3 0.001 0.001 1e-05 0.001 0.852400004863739
0.222222222 0.222222222 tanh 3 0.001 0.001 0.0001 0.001 0.8098999857902527
0.222222222 0.222222222 tanh 3 0.001 0.001 0.001 1e-05 0.7994999885559082
0.222222222 0.222222222 tanh 3 0.001 0.001 0.001 0.0001 0.8021000027656555
0.777777778 0.111111111 tanh 2 1e-05 1e-05 1e-05 1e-05 0.8758000135421753
0.222222222 0.222222222 tanh 3 0.001 0.001 0.001 0.001 0.8105000257492065
0.777777778 0.111111111 tanh 2 1e-05 1e-05 1e-05 0.0001 0.8716999888420105
0.777777778 0.111111111 tanh 2 1e-05 1e-05 1e-05 0.001 0.8495000004768372
0.777777778 0.111111111 tanh 2 1e-05 1e-05 0.0001 0.0001 0.8565000295639038
0.777777778 0.111111111 tanh 2 1e-05 1e-05 0.0001 1e-05 0.8704000115394592
0.777777778 0.111111111 tanh 2 1e-05 1e-05 0.0001 0.001 0.8271999955177307
0.777777778 0.111111111 tanh 2 1e-05 1e-05 0.001 1e-05 0.8093000054359436
0.777777778 0.111111111 tanh 2 1e-05 1e-05 0.001 0.0001 0.8011000156402588
0.777777778 0.111111111 tanh 2 1e-05 0.0001 1e-05 1e-05 0.8687000274658203
0.777777778 0.111111111 tanh 2 1e-05 1e-05 0.001 0.001 0.8105999827384949
0.777777778 0.111111111 tanh 2 1e-05 0.0001 1e-05 0.0001 0.8744000196456909
0.777777778 0.111111111 tanh 2 1e-05 0.0001 1e-05 0.001 0.8309000134468079
0.777777778 0.111111111 tanh 2 1e-05 0.0001 0.0001 1e-05 0.8589000105857849
0.777777778 0.111111111 tanh 2 1e-05 0.0001 0.0001 0.001 0.8306999802589417
0.777777778 0.111111111 tanh 2 1e-05 0.0001 0.0001 0.0001 0.8585000038146973
0.777777778 0.111111111 tanh 2 1e-05 0.0001 0.001 1e-05 0.786899983882904
0.777777778 0.111111111 tanh 2 1e-05 0.0001 0.001 0.0001 0.8199999928474426
0.777777778 0.111111111 tanh 2 1e-05 0.0001 0.001 0.001 0.8039000034332275
0.777777778 0.111111111 tanh 2 1e-05 0.001 1e-05 0.0001 0.8719000220298767
0.777777778 0.111111111 tanh 2 1e-05 0.001 1e-05 1e-05 0.8755000233650208
0.777777778 0.111111111 tanh 2 1e-05 0.001 1e-05 0.001 0.8416000008583069
0.777777778 0.111111111 tanh 2 1e-05 0.001 0.0001 1e-05 0.8478000164031982
0.777777778 0.111111111 tanh 2 1e-05 0.001 0.0001 0.0001 0.8550999760627747
0.777777778 0.111111111 tanh 2 1e-05 0.001 0.001 1e-05 0.7950999736785889
0.777777778 0.111111111 tanh 2 1e-05 0.001 0.0001 0.001 0.8395000100135803
0.777777778 0.111111111 tanh 2 1e-05 0.001 0.001 0.001 0.7922999858856201
0.777777778 0.111111111 tanh 2 1e-05 0.001 0.001 0.0001 0.7734000086784363
0.777777778 0.111111111 tanh 2 0.0001 1e-05 1e-05 1e-05 0.8673999905586243
0.777777778 0.111111111 tanh 2 0.0001 1e-05 1e-05 0.001 0.8557999730110168
0.777777778 0.111111111 tanh 2 0.0001 1e-05 1e-05 0.0001 0.8736000061035156
0.777777778 0.111111111 tanh 2 0.0001 1e-05 0.0001 1e-05 0.855400025844574
0.777777778 0.111111111 tanh 2 0.0001 1e-05 0.0001 0.0001 0.8561999797821045
0.777777778 0.111111111 tanh 2 0.0001 1e-05 0.0001 0.001 0.8276000022888184
0.777777778 0.111111111 tanh 2 0.0001 1e-05 0.001 1e-05 0.8198000192642212
0.777777778 0.111111111 tanh 2 0.0001 1e-05 0.001 0.0001 0.7764000296592712
0.777777778 0.111111111 tanh 2 0.0001 1e-05 0.001 0.001 0.8072999715805054
0.777777778 0.111111111 tanh 2 0.0001 0.0001 1e-05 1e-05 0.8712999820709229
0.777777778 0.111111111 tanh 2 0.0001 0.0001 1e-05 0.001 0.8597000241279602
0.777777778 0.111111111 tanh 2 0.0001 0.0001 1e-05 0.0001 0.8723000288009644
0.777777778 0.111111111 tanh 2 0.0001 0.0001 0.0001 1e-05 0.8528000116348267
0.777777778 0.111111111 tanh 2 0.0001 0.0001 0.0001 0.0001 0.8468999862670898
0.777777778 0.111111111 tanh 2 0.0001 0.0001 0.001 1e-05 0.7965999841690063
0.777777778 0.111111111 tanh 2 0.0001 0.0001 0.0001 0.001 0.8327000141143799
0.777777778 0.111111111 tanh 2 0.0001 0.0001 0.001 0.001 0.7906000018119812
0.777777778 0.111111111 tanh 2 0.0001 0.001 1e-05 1e-05 0.8640000224113464
0.777777778 0.111111111 tanh 2 0.0001 0.0001 0.001 0.0001 0.7904000282287598
0.777777778 0.111111111 tanh 2 0.0001 0.001 1e-05 0.0001 0.8707000017166138
0.777777778 0.111111111 tanh 2 0.0001 0.001 0.0001 1e-05 0.8496000170707703
0.777777778 0.111111111 tanh 2 0.0001 0.001 1e-05 0.001 0.8514999747276306
0.777777778 0.111111111 tanh 2 0.0001 0.001 0.0001 0.0001 0.8525999784469604
0.777777778 0.111111111 tanh 2 0.0001 0.001 0.0001 0.001 0.8342999815940857
0.777777778 0.111111111 tanh 2 0.0001 0.001 0.001 0.0001 0.7989000082015991
0.777777778 0.111111111 tanh 2 0.0001 0.001 0.001 1e-05 0.8184000253677368
0.777777778 0.111111111 tanh 2 0.001 1e-05 1e-05 1e-05 0.8676000237464905
0.777777778 0.111111111 tanh 2 0.0001 0.001 0.001 0.001 0.7857000231742859
0.777777778 0.111111111 tanh 2 0.001 1e-05 1e-05 0.0001 0.8740000128746033
0.777777778 0.111111111 tanh 2 0.001 1e-05 1e-05 0.001 0.8447999954223633
0.777777778 0.111111111 tanh 2 0.001 1e-05 0.0001 1e-05 0.8626000285148621
0.777777778 0.111111111 tanh 2 0.001 1e-05 0.0001 0.0001 0.8501999974250793
0.777777778 0.111111111 tanh 2 0.001 1e-05 0.0001 0.001 0.8379999995231628
0.777777778 0.111111111 tanh 2 0.001 1e-05 0.001 0.0001 0.7989000082015991
0.777777778 0.111111111 tanh 2 0.001 1e-05 0.001 1e-05 0.7990000247955322
0.777777778 0.111111111 tanh 2 0.001 1e-05 0.001 0.001 0.8138999938964844
0.777777778 0.111111111 tanh 2 0.001 0.0001 1e-05 1e-05 0.8639000058174133
0.777777778 0.111111111 tanh 2 0.001 0.0001 1e-05 0.0001 0.8741000294685364
0.777777778 0.111111111 tanh 2 0.001 0.0001 1e-05 0.001 0.8533999919891357
0.777777778 0.111111111 tanh 2 0.001 0.0001 0.0001 1e-05 0.8586999773979187
0.777777778 0.111111111 tanh 2 0.001 0.0001 0.0001 0.0001 0.8500000238418579
0.777777778 0.111111111 tanh 2 0.001 0.0001 0.0001 0.001 0.8544999957084656
0.777777778 0.111111111 tanh 2 0.001 0.0001 0.001 1e-05 0.8133000135421753
0.777777778 0.111111111 tanh 2 0.001 0.0001 0.001 0.0001 0.7967000007629395
0.777777778 0.111111111 tanh 2 0.001 0.0001 0.001 0.001 0.7166000008583069
0.777777778 0.111111111 tanh 2 0.001 0.001 1e-05 1e-05 0.8666999936103821
0.777777778 0.111111111 tanh 2 0.001 0.001 1e-05 0.0001 0.8593999743461609
0.777777778 0.111111111 tanh 2 0.001 0.001 1e-05 0.001 0.8529999852180481
0.777777778 0.111111111 tanh 2 0.001 0.001 0.0001 1e-05 0.8611999750137329
0.777777778 0.111111111 tanh 2 0.001 0.001 0.0001 0.0001 0.849399983882904
0.777777778 0.111111111 tanh 2 0.001 0.001 0.0001 0.001 0.8195000290870667
0.777777778 0.111111111 tanh 2 0.001 0.001 0.001 1e-05 0.7978000044822693
0.777777778 0.111111111 tanh 2 0.001 0.001 0.001 0.0001 0.7925000190734863
0.777777778 0.111111111 tanh 2 0.001 0.001 0.001 0.001 0.7839000225067139
0 0.333333333 tanh 2 1e-05 1e-05 1e-05 1e-05 0.857200026512146
0 0.333333333 tanh 2 1e-05 1e-05 1e-05 0.0001 0.8716999888420105
0 0.333333333 tanh 2 1e-05 1e-05 1e-05 0.001 0.8296999931335449
0 0.333333333 tanh 2 1e-05 1e-05 0.0001 1e-05 0.8568999767303467
0 0.333333333 tanh 2 1e-05 1e-05 0.0001 0.0001 0.8409000039100647
0 0.333333333 tanh 2 1e-05 1e-05 0.0001 0.001 0.7771000266075134
0 0.333333333 tanh 2 1e-05 1e-05 0.001 0.0001 0.7942000031471252
0 0.333333333 tanh 2 1e-05 1e-05 0.001 1e-05 0.7878000140190125
0 0.333333333 tanh 2 1e-05 1e-05 0.001 0.001 0.772599995136261
0 0.333333333 tanh 2 1e-05 0.0001 1e-05 1e-05 0.8665000200271606
0 0.333333333 tanh 2 1e-05 0.0001 1e-05 0.0001 0.8611000180244446
0 0.333333333 tanh 2 1e-05 0.0001 1e-05 0.001 0.8353999853134155
0 0.333333333 tanh 2 1e-05 0.0001 0.0001 1e-05 0.8529000282287598
0 0.333333333 tanh 2 1e-05 0.0001 0.0001 0.0001 0.8519999980926514
0 0.333333333 tanh 2 1e-05 0.0001 0.0001 0.001 0.784600019454956
0 0.333333333 tanh 2 1e-05 0.0001 0.001 1e-05 0.810699999332428
0 0.333333333 tanh 2 1e-05 0.0001 0.001 0.0001 0.79830002784729
0 0.333333333 tanh 2 1e-05 0.0001 0.001 0.001 0.5985999703407288
0 0.333333333 tanh 2 1e-05 0.001 1e-05 1e-05 0.8399999737739563
0 0.333333333 tanh 2 1e-05 0.001 1e-05 0.0001 0.8557999730110168
0 0.333333333 tanh 2 1e-05 0.001 0.0001 1e-05 0.8568999767303467
0 0.333333333 tanh 2 1e-05 0.001 1e-05 0.001 0.8197000026702881
0 0.333333333 tanh 2 1e-05 0.001 0.0001 0.0001 0.8414000272750854
0 0.333333333 tanh 2 1e-05 0.001 0.0001 0.001 0.8126000165939331
0 0.333333333 tanh 2 1e-05 0.001 0.001 1e-05 0.8039000034332275
0 0.333333333 tanh 2 1e-05 0.001 0.001 0.0001 0.8052999973297119
0 0.333333333 tanh 2 0.0001 1e-05 1e-05 1e-05 0.8700000047683716
0 0.333333333 tanh 2 1e-05 0.001 0.001 0.001 0.715399980545044
0 0.333333333 tanh 2 0.0001 1e-05 1e-05 0.0001 0.840399980545044
0 0.333333333 tanh 2 0.0001 1e-05 1e-05 0.001 0.8450999855995178
0 0.333333333 tanh 2 0.0001 1e-05 0.0001 0.0001 0.8547000288963318
0 0.333333333 tanh 2 0.0001 1e-05 0.0001 1e-05 0.839900016784668
0 0.333333333 tanh 2 0.0001 1e-05 0.0001 0.001 0.8285999894142151
0 0.333333333 tanh 2 0.0001 1e-05 0.001 0.0001 0.800000011920929
0 0.333333333 tanh 2 0.0001 1e-05 0.001 1e-05 0.798799991607666
0 0.333333333 tanh 2 0.0001 0.0001 1e-05 0.0001 0.8666999936103821
0 0.333333333 tanh 2 0.0001 0.0001 1e-05 1e-05 0.8745999932289124
0 0.333333333 tanh 2 0.0001 1e-05 0.001 0.001 0.7415000200271606
0 0.333333333 tanh 2 0.0001 0.0001 0.0001 1e-05 0.8343999981880188
0 0.333333333 tanh 2 0.0001 0.0001 1e-05 0.001 0.8248999714851379
0 0.333333333 tanh 2 0.0001 0.0001 0.0001 0.0001 0.8270000219345093
0 0.333333333 tanh 2 0.0001 0.0001 0.0001 0.001 0.8166000247001648
0 0.333333333 tanh 2 0.0001 0.0001 0.001 1e-05 0.8015999794006348
0 0.333333333 tanh 2 0.0001 0.0001 0.001 0.0001 0.7555999755859375
0 0.333333333 tanh 2 0.0001 0.0001 0.001 0.001 0.7735999822616577
0 0.333333333 tanh 2 0.0001 0.001 1e-05 1e-05 0.8572999835014343
0 0.333333333 tanh 2 0.0001 0.001 1e-05 0.0001 0.8679999709129333
0 0.333333333 tanh 2 0.0001 0.001 1e-05 0.001 0.7236999869346619
0 0.333333333 tanh 2 0.0001 0.001 0.0001 1e-05 0.7767999768257141
0 0.333333333 tanh 2 0.0001 0.001 0.0001 0.0001 0.847100019454956
0 0.333333333 tanh 2 0.0001 0.001 0.001 1e-05 0.7910000085830688
0 0.333333333 tanh 2 0.0001 0.001 0.0001 0.001 0.8410999774932861
0 0.333333333 tanh 2 0.0001 0.001 0.001 0.0001 0.795799970626831
0 0.333333333 tanh 2 0.0001 0.001 0.001 0.001 0.7853999733924866
0 0.333333333 tanh 2 0.001 1e-05 1e-05 1e-05 0.8648999929428101
0 0.333333333 tanh 2 0.001 1e-05 1e-05 0.0001 0.8707000017166138
0 0.333333333 tanh 2 0.001 1e-05 1e-05 0.001 0.8367000222206116
0 0.333333333 tanh 2 0.001 1e-05 0.0001 1e-05 0.8578000068664551
0 0.333333333 tanh 2 0.001 1e-05 0.0001 0.0001 0.8537999987602234
0 0.333333333 tanh 2 0.001 1e-05 0.0001 0.001 0.8180999755859375
0 0.333333333 tanh 2 0.001 1e-05 0.001 1e-05 0.7854999899864197
0 0.333333333 tanh 2 0.001 1e-05 0.001 0.0001 0.7502999901771545
0 0.333333333 tanh 2 0.001 1e-05 0.001 0.001 0.7847999930381775
0 0.333333333 tanh 2 0.001 0.0001 1e-05 1e-05 0.8779000043869019
0 0.333333333 tanh 2 0.001 0.0001 1e-05 0.0001 0.8695999979972839
0 0.333333333 tanh 2 0.001 0.0001 1e-05 0.001 0.756600022315979
0 0.333333333 tanh 2 0.001 0.0001 0.0001 1e-05 0.8579999804496765
0 0.333333333 tanh 2 0.001 0.0001 0.0001 0.0001 0.8395000100135803
0 0.333333333 tanh 2 0.001 0.0001 0.0001 0.001 0.8238999843597412
0 0.333333333 tanh 2 0.001 0.0001 0.001 0.0001 0.7692000269889832
0 0.333333333 tanh 2 0.001 0.0001 0.001 1e-05 0.727400004863739
0 0.333333333 tanh 2 0.001 0.0001 0.001 0.001 0.7260000109672546
0 0.333333333 tanh 2 0.001 0.001 1e-05 1e-05 0.8719000220298767
0 0.333333333 tanh 2 0.001 0.001 1e-05 0.0001 0.8342000246047974
0 0.333333333 tanh 2 0.001 0.001 1e-05 0.001 0.8378999829292297
0 0.333333333 tanh 2 0.001 0.001 0.0001 1e-05 0.8328999876976013
0 0.333333333 tanh 2 0.001 0.001 0.0001 0.0001 0.8399999737739563
0 0.333333333 tanh 2 0.001 0.001 0.0001 0.001 0.840399980545044
0 0.333333333 tanh 2 0.001 0.001 0.001 1e-05 0.7494999766349792
0 0.333333333 tanh 2 0.001 0.001 0.001 0.0001 0.7530999779701233
0 0.333333333 tanh 2 0.001 0.001 0.001 0.001 0.7710000276565552
0.222222222 0.111111111 tanh 2 1e-05 1e-05 1e-05 0.0001 0.8683000206947327
0.222222222 0.111111111 tanh 2 1e-05 1e-05 1e-05 1e-05 0.8529999852180481
0.222222222 0.111111111 tanh 2 1e-05 1e-05 1e-05 0.001 0.8277999758720398
0.222222222 0.111111111 tanh 2 1e-05 1e-05 0.0001 1e-05 0.862500011920929
0.222222222 0.111111111 tanh 2 1e-05 1e-05 0.0001 0.0001 0.866100013256073
0.222222222 0.111111111 tanh 2 1e-05 1e-05 0.0001 0.001 0.8417999744415283
0.222222222 0.111111111 tanh 2 1e-05 1e-05 0.001 1e-05 0.7835999727249146
0.222222222 0.111111111 tanh 2 1e-05 1e-05 0.001 0.0001 0.7979000210762024
0.222222222 0.111111111 tanh 2 1e-05 1e-05 0.001 0.001 0.8090000152587891
0.222222222 0.111111111 tanh 2 1e-05 0.0001 1e-05 1e-05 0.8525000214576721
0.222222222 0.111111111 tanh 2 1e-05 0.0001 1e-05 0.001 0.8597000241279602
0.222222222 0.111111111 tanh 2 1e-05 0.0001 1e-05 0.0001 0.8659999966621399
0.222222222 0.111111111 tanh 2 1e-05 0.0001 0.0001 1e-05 0.8608999848365784
0.222222222 0.111111111 tanh 2 1e-05 0.0001 0.0001 0.0001 0.8526999950408936
0.222222222 0.111111111 tanh 2 1e-05 0.0001 0.0001 0.001 0.8439000248908997
0.222222222 0.111111111 tanh 2 1e-05 0.0001 0.001 1e-05 0.8059999942779541
0.222222222 0.111111111 tanh 2 1e-05 0.0001 0.001 0.0001 0.8119999766349792
0.222222222 0.111111111 tanh 2 1e-05 0.0001 0.001 0.001 0.8033999800682068
0.222222222 0.111111111 tanh 2 1e-05 0.001 1e-05 1e-05 0.8658000230789185
0.222222222 0.111111111 tanh 2 1e-05 0.001 1e-05 0.0001 0.866599977016449
0.222222222 0.111111111 tanh 2 1e-05 0.001 1e-05 0.001 0.8568999767303467
0.222222222 0.111111111 tanh 2 1e-05 0.001 0.0001 1e-05 0.8557999730110168
0.222222222 0.111111111 tanh 2 1e-05 0.001 0.0001 0.0001 0.8503999710083008
0.222222222 0.111111111 tanh 2 1e-05 0.001 0.0001 0.001 0.8536999821662903
0.222222222 0.111111111 tanh 2 1e-05 0.001 0.001 1e-05 0.7745000123977661
0.222222222 0.111111111 tanh 2 1e-05 0.001 0.001 0.0001 0.7900999784469604
0.222222222 0.111111111 tanh 2 1e-05 0.001 0.001 0.001 0.8151999711990356
0.222222222 0.111111111 tanh 2 0.0001 1e-05 1e-05 1e-05 0.8694999814033508
0.222222222 0.111111111 tanh 2 0.0001 1e-05 1e-05 0.0001 0.8618999719619751
0.222222222 0.111111111 tanh 2 0.0001 1e-05 1e-05 0.001 0.8555999994277954
0.222222222 0.111111111 tanh 2 0.0001 1e-05 0.0001 0.0001 0.8598999977111816
0.222222222 0.111111111 tanh 2 0.0001 1e-05 0.0001 1e-05 0.8585000038146973
0.222222222 0.111111111 tanh 2 0.0001 1e-05 0.0001 0.001 0.8173999786376953
0.222222222 0.111111111 tanh 2 0.0001 1e-05 0.001 1e-05 0.8086000084877014
0.222222222 0.111111111 tanh 2 0.0001 1e-05 0.001 0.0001 0.7896000146865845
0.222222222 0.111111111 tanh 2 0.0001 1e-05 0.001 0.001 0.8208000063896179
0.222222222 0.111111111 tanh 2 0.0001 0.0001 1e-05 1e-05 0.870199978351593
0.222222222 0.111111111 tanh 2 0.0001 0.0001 1e-05 0.0001 0.8708000183105469
0.222222222 0.111111111 tanh 2 0.0001 0.0001 1e-05 0.001 0.8539000153541565
0.222222222 0.111111111 tanh 2 0.0001 0.0001 0.0001 1e-05 0.8299999833106995
0.222222222 0.111111111 tanh 2 0.0001 0.0001 0.0001 0.0001 0.8436999917030334
0.222222222 0.111111111 tanh 2 0.0001 0.0001 0.0001 0.001 0.8355000019073486
0.222222222 0.111111111 tanh 2 0.0001 0.0001 0.001 0.001 0.8051999807357788
0.222222222 0.111111111 tanh 2 0.0001 0.0001 0.001 1e-05 0.8237000107765198
0.222222222 0.111111111 tanh 2 0.0001 0.0001 0.001 0.0001 0.7979999780654907
0.222222222 0.111111111 tanh 2 0.0001 0.001 1e-05 1e-05 0.8531000018119812
0.222222222 0.111111111 tanh 2 0.0001 0.001 1e-05 0.0001 0.8646000027656555
0.222222222 0.111111111 tanh 2 0.0001 0.001 0.0001 1e-05 0.8611000180244446
0.222222222 0.111111111 tanh 2 0.0001 0.001 1e-05 0.001 0.8586999773979187
0.222222222 0.111111111 tanh 2 0.0001 0.001 0.0001 0.0001 0.8331999778747559
0.222222222 0.111111111 tanh 2 0.0001 0.001 0.0001 0.001 0.829800009727478
0.222222222 0.111111111 tanh 2 0.0001 0.001 0.001 1e-05 0.798799991607666
0.222222222 0.111111111 tanh 2 0.0001 0.001 0.001 0.0001 0.8181999921798706
0.222222222 0.111111111 tanh 2 0.0001 0.001 0.001 0.001 0.8259999752044678
0.222222222 0.111111111 tanh 2 0.001 1e-05 1e-05 0.0001 0.8539000153541565
0.222222222 0.111111111 tanh 2 0.001 1e-05 1e-05 1e-05 0.8704000115394592
0.222222222 0.111111111 tanh 2 0.001 1e-05 1e-05 0.001 0.8586000204086304
0.222222222 0.111111111 tanh 2 0.001 1e-05 0.0001 1e-05 0.8669000267982483
0.222222222 0.111111111 tanh 2 0.001 1e-05 0.0001 0.0001 0.8425999879837036
0.222222222 0.111111111 tanh 2 0.001 1e-05 0.001 1e-05 0.7512999773025513
0.222222222 0.111111111 tanh 2 0.001 1e-05 0.0001 0.001 0.8258000016212463
0.222222222 0.111111111 tanh 2 0.001 1e-05 0.001 0.0001 0.8166999816894531
0.222222222 0.111111111 tanh 2 0.001 1e-05 0.001 0.001 0.8162999749183655
0.222222222 0.111111111 tanh 2 0.001 0.0001 1e-05 0.0001 0.8539999723434448
0.222222222 0.111111111 tanh 2 0.001 0.0001 1e-05 1e-05 0.8636999726295471
0.222222222 0.111111111 tanh 2 0.001 0.0001 1e-05 0.001 0.8363999724388123
0.222222222 0.111111111 tanh 2 0.001 0.0001 0.0001 0.0001 0.8500000238418579
0.222222222 0.111111111 tanh 2 0.001 0.0001 0.0001 1e-05 0.8580999970436096
0.222222222 0.111111111 tanh 2 0.001 0.0001 0.0001 0.001 0.84579998254776
0.222222222 0.111111111 tanh 2 0.001 0.0001 0.001 0.0001 0.8226000070571899
0.222222222 0.111111111 tanh 2 0.001 0.0001 0.001 1e-05 0.7811999917030334
0.222222222 0.111111111 tanh 2 0.001 0.0001 0.001 0.001 0.8115000128746033
0.222222222 0.111111111 tanh 2 0.001 0.001 1e-05 1e-05 0.8664000034332275
0.222222222 0.111111111 tanh 2 0.001 0.001 1e-05 0.0001 0.8608999848365784
0.222222222 0.111111111 tanh 2 0.001 0.001 1e-05 0.001 0.8374999761581421
0.222222222 0.111111111 tanh 2 0.001 0.001 0.0001 1e-05 0.8598999977111816
0.222222222 0.111111111 tanh 2 0.001 0.001 0.001 1e-05 0.8087000250816345
0.222222222 0.111111111 tanh 2 0.001 0.001 0.0001 0.0001 0.8515999913215637
0.222222222 0.111111111 tanh 2 0.001 0.001 0.0001 0.001 0.8209999799728394
0.222222222 0.111111111 tanh 2 0.001 0.001 0.001 0.001 0.7943999767303467
0.222222222 0.111111111 tanh 2 0.001 0.001 0.001 0.0001 0.8030999898910522
0.444444444 0.222222222 tanh 2 1e-05 1e-05 1e-05 1e-05 0.8648999929428101
0.444444444 0.222222222 tanh 2 1e-05 1e-05 1e-05 0.0001 0.8603000044822693
0.444444444 0.222222222 tanh 2 1e-05 1e-05 1e-05 0.001 0.8468000292778015
0.444444444 0.222222222 tanh 2 1e-05 1e-05 0.0001 1e-05 0.8567000031471252
0.444444444 0.222222222 tanh 2 1e-05 1e-05 0.0001 0.0001 0.8458999991416931
0.444444444 0.222222222 tanh 2 1e-05 1e-05 0.0001 0.001 0.8127999901771545
0.444444444 0.222222222 tanh 2 1e-05 1e-05 0.001 1e-05 0.800000011920929
0.444444444 0.222222222 tanh 2 1e-05 1e-05 0.001 0.0001 0.770799994468689
0.444444444 0.222222222 tanh 2 1e-05 1e-05 0.001 0.001 0.7386999726295471
0.444444444 0.222222222 tanh 2 1e-05 0.0001 1e-05 1e-05 0.8621000051498413
0.444444444 0.222222222 tanh 2 1e-05 0.0001 1e-05 0.0001 0.8759999871253967
0.444444444 0.222222222 tanh 2 1e-05 0.0001 1e-05 0.001 0.855400025844574
0.444444444 0.222222222 tanh 2 1e-05 0.0001 0.0001 1e-05 0.8525999784469604
0.444444444 0.222222222 tanh 2 1e-05 0.0001 0.0001 0.0001 0.8539000153541565
0.444444444 0.222222222 tanh 2 1e-05 0.0001 0.0001 0.001 0.8187999725341797
0.444444444 0.222222222 tanh 2 1e-05 0.0001 0.001 1e-05 0.7897999882698059
0.444444444 0.222222222 tanh 2 1e-05 0.0001 0.001 0.0001 0.7883999943733215
0.444444444 0.222222222 tanh 2 1e-05 0.0001 0.001 0.001 0.7831000089645386
0.444444444 0.222222222 tanh 2 1e-05 0.001 1e-05 1e-05 0.8636999726295471
0.444444444 0.222222222 tanh 2 1e-05 0.001 1e-05 0.0001 0.8636999726295471
0.444444444 0.222222222 tanh 2 1e-05 0.001 1e-05 0.001 0.7875999808311462
0.444444444 0.222222222 tanh 2 1e-05 0.001 0.0001 1e-05 0.847100019454956
0.444444444 0.222222222 tanh 2 1e-05 0.001 0.0001 0.0001 0.8364999890327454
0.444444444 0.222222222 tanh 2 1e-05 0.001 0.0001 0.001 0.8411999940872192
0.444444444 0.222222222 tanh 2 1e-05 0.001 0.001 1e-05 0.7939000129699707
0.444444444 0.222222222 tanh 2 1e-05 0.001 0.001 0.0001 0.8105000257492065
0.444444444 0.222222222 tanh 2 1e-05 0.001 0.001 0.001 0.3880999982357025
0.444444444 0.222222222 tanh 2 0.0001 1e-05 1e-05 1e-05 0.8791999816894531
0.444444444 0.222222222 tanh 2 0.0001 1e-05 1e-05 0.0001 0.8648999929428101
0.444444444 0.222222222 tanh 2 0.0001 1e-05 1e-05 0.001 0.8521999716758728
0.444444444 0.222222222 tanh 2 0.0001 1e-05 0.0001 1e-05 0.8626999855041504
0.444444444 0.222222222 tanh 2 0.0001 1e-05 0.0001 0.0001 0.8356999754905701
0.444444444 0.222222222 tanh 2 0.0001 1e-05 0.0001 0.001 0.8346999883651733
0.444444444 0.222222222 tanh 2 0.0001 1e-05 0.001 1e-05 0.7784000039100647
0.444444444 0.222222222 tanh 2 0.0001 1e-05 0.001 0.0001 0.7949000000953674
0.444444444 0.222222222 tanh 2 0.0001 1e-05 0.001 0.001 0.5271000266075134
0.444444444 0.222222222 tanh 2 0.0001 0.0001 1e-05 1e-05 0.8695999979972839
0.444444444 0.222222222 tanh 2 0.0001 0.0001 1e-05 0.0001 0.8698999881744385
0.444444444 0.222222222 tanh 2 0.0001 0.0001 1e-05 0.001 0.8399999737739563
0.444444444 0.222222222 tanh 2 0.0001 0.0001 0.0001 1e-05 0.8536999821662903
0.444444444 0.222222222 tanh 2 0.0001 0.0001 0.0001 0.0001 0.8561000227928162
0.444444444 0.222222222 tanh 2 0.0001 0.0001 0.0001 0.001 0.8080000281333923
0.444444444 0.222222222 tanh 2 0.0001 0.0001 0.001 1e-05 0.7175999879837036
0.444444444 0.222222222 tanh 2 0.0001 0.0001 0.001 0.0001 0.7684000134468079
0.444444444 0.222222222 tanh 2 0.0001 0.0001 0.001 0.001 0.7804999947547913
0.444444444 0.222222222 tanh 2 0.0001 0.001 1e-05 0.0001 0.8519999980926514
0.444444444 0.222222222 tanh 2 0.0001 0.001 1e-05 1e-05 0.8550000190734863
0.444444444 0.222222222 tanh 2 0.0001 0.001 1e-05 0.001 0.843500018119812
0.444444444 0.222222222 tanh 2 0.0001 0.001 0.0001 1e-05 0.855400025844574
0.444444444 0.222222222 tanh 2 0.0001 0.001 0.0001 0.0001 0.8395000100135803
0.444444444 0.222222222 tanh 2 0.0001 0.001 0.0001 0.001 0.8274000287055969
0.444444444 0.222222222 tanh 2 0.0001 0.001 0.001 1e-05 0.7455999851226807
0.444444444 0.222222222 tanh 2 0.0001 0.001 0.001 0.0001 0.7508000135421753
0.444444444 0.222222222 tanh 2 0.0001 0.001 0.001 0.001 0.7609999775886536
0.444444444 0.222222222 tanh 2 0.001 1e-05 1e-05 0.001 0.8366000056266785
0.444444444 0.222222222 tanh 2 0.001 1e-05 1e-05 0.0001 0.8677999973297119
0.444444444 0.222222222 tanh 2 0.001 1e-05 1e-05 1e-05 0.8707000017166138
0.444444444 0.222222222 tanh 2 0.001 1e-05 0.0001 0.0001 0.8575999736785889
0.444444444 0.222222222 tanh 2 0.001 1e-05 0.0001 1e-05 0.8493000268936157
0.444444444 0.222222222 tanh 2 0.001 1e-05 0.0001 0.001 0.8306999802589417
0.444444444 0.222222222 tanh 2 0.001 1e-05 0.001 1e-05 0.7378000020980835
0.444444444 0.222222222 tanh 2 0.001 1e-05 0.001 0.0001 0.798799991607666
0.444444444 0.222222222 tanh 2 0.001 1e-05 0.001 0.001 0.8158000111579895
0.444444444 0.222222222 tanh 2 0.001 0.0001 1e-05 1e-05 0.8733000159263611
0.444444444 0.222222222 tanh 2 0.001 0.0001 1e-05 0.001 0.8580999970436096
0.444444444 0.222222222 tanh 2 0.001 0.0001 1e-05 0.0001 0.8553000092506409
0.444444444 0.222222222 tanh 2 0.001 0.0001 0.0001 1e-05 0.8485999703407288
0.444444444 0.222222222 tanh 2 0.001 0.0001 0.0001 0.0001 0.8557000160217285
0.444444444 0.222222222 tanh 2 0.001 0.0001 0.0001 0.001 0.8431000113487244
0.444444444 0.222222222 tanh 2 0.001 0.0001 0.001 1e-05 0.7727000117301941
0.444444444 0.222222222 tanh 2 0.001 0.0001 0.001 0.0001 0.7538999915122986
0.444444444 0.222222222 tanh 2 0.001 0.0001 0.001 0.001 0.7364000082015991
0.444444444 0.222222222 tanh 2 0.001 0.001 1e-05 1e-05 0.8680999875068665
0.444444444 0.222222222 tanh 2 0.001 0.001 1e-05 0.0001 0.8722000122070312
0.444444444 0.222222222 tanh 2 0.001 0.001 1e-05 0.001 0.8381999731063843
0.444444444 0.222222222 tanh 2 0.001 0.001 0.0001 1e-05 0.8359000086784363
0.444444444 0.222222222 tanh 2 0.001 0.001 0.0001 0.0001 0.816100001335144
0.444444444 0.222222222 tanh 2 0.001 0.001 0.0001 0.001 0.8359000086784363
0.444444444 0.222222222 tanh 2 0.001 0.001 0.001 1e-05 0.8077999949455261
0.444444444 0.222222222 tanh 2 0.001 0.001 0.001 0.0001 0.7912999987602234
0.444444444 0.222222222 tanh 2 0.001 0.001 0.001 0.001 0.7821999788284302
killed