0.555555555555555 0.111111111111111 tanh 2 1e-05 1e-05 0.0001 1e-05 0.85589998960495
0.555555555555555 0.111111111111111 tanh 2 1e-05 1e-05 0.001 0.001 0.7786999940872192
0.555555555555555 0.111111111111111 tanh 2 1e-05 1e-05 1e-05 1e-05 0.869700014591217
0.555555555555555 0.111111111111111 tanh 2 1e-05 1e-05 0.001 0.0001 0.8003000020980835
0.555555555555555 0.111111111111111 tanh 2 1e-05 1e-05 0.0001 0.0001 0.8504999876022339
0.555555555555555 0.111111111111111 tanh 2 1e-05 1e-05 0.001 1e-05 0.8051999807357788
0.555555555555555 0.111111111111111 tanh 2 1e-05 1e-05 1e-05 0.0001 0.8741000294685364
0.555555555555555 0.111111111111111 tanh 2 1e-05 1e-05 1e-05 0.001 0.861299991607666
0.555555555555555 0.111111111111111 tanh 2 1e-05 1e-05 0.0001 0.001 0.8348000049591064
0.555555555555555 0.111111111111111 tanh 2 1e-05 0.0001 1e-05 1e-05 0.8761000037193298
0.555555555555555 0.111111111111111 tanh 2 1e-05 0.0001 1e-05 0.0001 0.8691999912261963
0.555555555555555 0.111111111111111 tanh 2 1e-05 0.0001 1e-05 0.001 0.8557999730110168
0.555555555555555 0.111111111111111 tanh 2 1e-05 0.0001 0.0001 1e-05 0.853600025177002
0.555555555555555 0.111111111111111 tanh 2 1e-05 0.0001 0.0001 0.0001 0.8389000296592712
0.555555555555555 0.111111111111111 tanh 2 1e-05 0.0001 0.0001 0.001 0.8377000093460083
0.555555555555555 0.111111111111111 tanh 2 1e-05 0.0001 0.001 1e-05 0.8069999814033508
0.555555555555555 0.111111111111111 tanh 2 1e-05 0.0001 0.001 0.001 0.8151999711990356
0.555555555555555 0.111111111111111 tanh 2 1e-05 0.0001 0.001 0.0001 0.7930999994277954
0.555555555555555 0.111111111111111 tanh 2 1e-05 0.001 1e-05 1e-05 0.8698999881744385
0.555555555555555 0.111111111111111 tanh 2 1e-05 0.001 1e-05 0.0001 0.8565000295639038
0.555555555555555 0.111111111111111 tanh 2 1e-05 0.001 1e-05 0.001 0.8418999910354614
0.555555555555555 0.111111111111111 tanh 2 1e-05 0.001 0.0001 1e-05 0.8492000102996826
0.555555555555555 0.111111111111111 tanh 2 1e-05 0.001 0.0001 0.0001 0.8481000065803528
0.555555555555555 0.111111111111111 tanh 2 1e-05 0.001 0.0001 0.001 0.8453999757766724
0.555555555555555 0.111111111111111 tanh 2 1e-05 0.001 0.001 1e-05 0.8111000061035156
0.555555555555555 0.111111111111111 tanh 2 1e-05 0.001 0.001 0.0001 0.8097000122070312
0.555555555555555 0.111111111111111 tanh 2 1e-05 0.001 0.001 0.001 0.8177000284194946
0.555555555555555 0.111111111111111 tanh 2 0.0001 1e-05 1e-05 1e-05 0.8769999742507935
0.555555555555555 0.111111111111111 tanh 2 0.0001 1e-05 1e-05 0.001 0.8567000031471252
0.555555555555555 0.111111111111111 tanh 2 0.0001 1e-05 1e-05 0.0001 0.8707000017166138
0.555555555555555 0.111111111111111 tanh 2 0.0001 1e-05 0.0001 1e-05 0.8378000259399414
0.555555555555555 0.111111111111111 tanh 2 0.0001 1e-05 0.0001 0.0001 0.8529000282287598
0.555555555555555 0.111111111111111 tanh 2 0.0001 1e-05 0.0001 0.001 0.8414999842643738
0.555555555555555 0.111111111111111 tanh 2 0.0001 1e-05 0.001 1e-05 0.8082000017166138
0.555555555555555 0.111111111111111 tanh 2 0.0001 1e-05 0.001 0.0001 0.8259999752044678
0.555555555555555 0.111111111111111 tanh 2 0.0001 0.0001 1e-05 1e-05 0.8758000135421753
0.555555555555555 0.111111111111111 tanh 2 0.0001 1e-05 0.001 0.001 0.8027999997138977
0.555555555555555 0.111111111111111 tanh 2 0.0001 0.0001 1e-05 0.0001 0.8590999841690063
0.555555555555555 0.111111111111111 tanh 2 0.0001 0.0001 1e-05 0.001 0.8553000092506409
0.555555555555555 0.111111111111111 tanh 2 0.0001 0.0001 0.0001 1e-05 0.8526999950408936
0.555555555555555 0.111111111111111 tanh 2 0.0001 0.0001 0.0001 0.001 0.8572999835014343
0.555555555555555 0.111111111111111 tanh 2 0.0001 0.0001 0.0001 0.0001 0.8632000088691711
0.555555555555555 0.111111111111111 tanh 2 0.0001 0.0001 0.001 1e-05 0.8353000283241272
0.555555555555555 0.111111111111111 tanh 2 0.0001 0.0001 0.001 0.0001 0.8202999830245972
0.555555555555555 0.111111111111111 tanh 2 0.0001 0.0001 0.001 0.001 0.7926999926567078
0.555555555555555 0.111111111111111 tanh 2 0.0001 0.001 1e-05 1e-05 0.8618000149726868
0.555555555555555 0.111111111111111 tanh 2 0.0001 0.001 1e-05 0.0001 0.8762000203132629
0.555555555555555 0.111111111111111 tanh 2 0.0001 0.001 1e-05 0.001 0.8536999821662903
0.555555555555555 0.111111111111111 tanh 2 0.0001 0.001 0.0001 1e-05 0.8450999855995178
0.555555555555555 0.111111111111111 tanh 2 0.0001 0.001 0.0001 0.0001 0.8277000188827515
0.555555555555555 0.111111111111111 tanh 2 0.0001 0.001 0.0001 0.001 0.8240000009536743
0.555555555555555 0.111111111111111 tanh 2 0.0001 0.001 0.001 1e-05 0.8172000050544739
0.555555555555555 0.111111111111111 tanh 2 0.0001 0.001 0.001 0.0001 0.7903000116348267
0.555555555555555 0.111111111111111 tanh 2 0.0001 0.001 0.001 0.001 0.7656000256538391
0.555555555555555 0.111111111111111 tanh 2 0.001 1e-05 1e-05 1e-05 0.8723999857902527
0.555555555555555 0.111111111111111 tanh 2 0.001 1e-05 1e-05 0.0001 0.8711000084877014
0.555555555555555 0.111111111111111 tanh 2 0.001 1e-05 1e-05 0.001 0.8513000011444092
0.555555555555555 0.111111111111111 tanh 2 0.001 1e-05 0.0001 1e-05 0.866599977016449
0.555555555555555 0.111111111111111 tanh 2 0.001 1e-05 0.0001 0.0001 0.8447999954223633
0.555555555555555 0.111111111111111 tanh 2 0.001 1e-05 0.0001 0.001 0.8492000102996826
0.555555555555555 0.111111111111111 tanh 2 0.001 1e-05 0.001 1e-05 0.8180000185966492
0.555555555555555 0.111111111111111 tanh 2 0.001 1e-05 0.001 0.0001 0.795199990272522
0.555555555555555 0.111111111111111 tanh 2 0.001 0.0001 1e-05 1e-05 0.8762000203132629
0.555555555555555 0.111111111111111 tanh 2 0.001 1e-05 0.001 0.001 0.786300003528595
0.555555555555555 0.111111111111111 tanh 2 0.001 0.0001 1e-05 0.0001 0.8730000257492065
0.555555555555555 0.111111111111111 tanh 2 0.001 0.0001 1e-05 0.001 0.8379999995231628
0.555555555555555 0.111111111111111 tanh 2 0.001 0.0001 0.0001 1e-05 0.8575999736785889
0.555555555555555 0.111111111111111 tanh 2 0.001 0.0001 0.0001 0.0001 0.8677999973297119
0.555555555555555 0.111111111111111 tanh 2 0.001 0.0001 0.0001 0.001 0.8348000049591064
0.555555555555555 0.111111111111111 tanh 2 0.001 0.0001 0.001 1e-05 0.7894999980926514
0.555555555555555 0.111111111111111 tanh 2 0.001 0.0001 0.001 0.001 0.7858999967575073
0.555555555555555 0.111111111111111 tanh 2 0.001 0.0001 0.001 0.0001 0.8050000071525574
0.555555555555555 0.111111111111111 tanh 2 0.001 0.001 1e-05 0.0001 0.8521999716758728
0.555555555555555 0.111111111111111 tanh 2 0.001 0.001 1e-05 1e-05 0.8669999837875366
0.555555555555555 0.111111111111111 tanh 2 0.001 0.001 1e-05 0.001 0.8554999828338623
0.555555555555555 0.111111111111111 tanh 2 0.001 0.001 0.0001 1e-05 0.8507000207901001
0.555555555555555 0.111111111111111 tanh 2 0.001 0.001 0.0001 0.0001 0.8438000082969666
0.555555555555555 0.111111111111111 tanh 2 0.001 0.001 0.0001 0.001 0.8468000292778015
0.555555555555555 0.111111111111111 tanh 2 0.001 0.001 0.001 1e-05 0.796999990940094
0.555555555555555 0.111111111111111 tanh 2 0.001 0.001 0.001 0.0001 0.8055999875068665
0.555555555555555 0.111111111111111 tanh 2 0.001 0.001 0.001 0.001 0.8084999918937683
killed